203
0.500000 0.850000
0.522099 0.851258
0.544814 0.854742
0.568602 0.859626
0.593637 0.864693
0.619744 0.868534
0.646407 0.869783
0.672854 0.867335
0.698197 0.860519
0.721602 0.849189
0.742461 0.833720
0.760522 0.814917
0.775951 0.793858
0.789317 0.771687
0.801493 0.749417
0.813494 0.727767
0.826274 0.707059
0.840526 0.687206
0.856527 0.667769
0.874038 0.648092
0.892311 0.627470
0.910173 0.605315
0.926204 0.581303
0.938950 0.555452
0.947163 0.528133
0.950000 0.500000
0.947163 0.471867
0.938950 0.444548
0.926204 0.418697
0.910173 0.394685
0.892311 0.372530
0.874038 0.351908
0.856527 0.332231
0.840526 0.312794
0.826274 0.292941
0.813494 0.272233
0.801493 0.250583
0.789317 0.228313
0.775951 0.206142
0.760522 0.185083
0.742461 0.166280
0.721602 0.150811
0.698197 0.139481
0.672854 0.132665
0.646407 0.130217
0.619744 0.131466
0.593637 0.135307
0.568602 0.140374
0.544814 0.145258
0.522099 0.148742
0.500000 0.150000
0.477901 0.148742
0.455186 0.145258
0.431398 0.140374
0.406363 0.135307
0.380256 0.131466
0.353593 0.130217
0.327146 0.132665
0.301803 0.139481
0.278398 0.150811
0.257539 0.166280
0.239478 0.185083
0.224049 0.206142
0.210683 0.228313
0.198507 0.250583
0.186506 0.272233
0.173726 0.292941
0.159474 0.312794
0.143473 0.332231
0.125962 0.351908
0.107689 0.372530
0.089827 0.394685
0.073796 0.418697
0.061050 0.444548
0.052837 0.471867
0.050000 0.500000
0.052837 0.528133
0.061050 0.555452
0.073796 0.581303
0.089827 0.605315
0.107689 0.627470
0.125962 0.648092
0.143473 0.667769
0.159474 0.687206
0.173726 0.707059
0.186506 0.727767
0.198507 0.749417
0.210683 0.771687
0.224049 0.793858
0.239478 0.814917
0.257539 0.833720
0.278398 0.849189
0.301803 0.860519
0.327146 0.867335
0.353593 0.869783
0.380256 0.868534
0.406363 0.864693
0.431398 0.859626
0.455186 0.854742
0.477901 0.851258
0.500000 0.850000
0.500000 0.850000
0.482435 0.839045
0.470848 0.813540
0.464544 0.789553
0.456569 0.779000
0.441221 0.780902
0.421301 0.783806
0.407447 0.776566
0.409167 0.757644
0.425357 0.735125
0.443365 0.718402
0.448390 0.709845
0.435575 0.704053
0.414328 0.694610
0.400818 0.681080
0.404894 0.669098
0.422516 0.663539
0.439942 0.661886
0.445669 0.655054
0.439641 0.635724
0.432140 0.606598
0.434173 0.580261
0.448414 0.569709
0.468518 0.577385
0.486429 0.592575
0.500000 0.600000
0.513571 0.592575
0.531482 0.577385
0.551586 0.569709
0.565827 0.580261
0.567860 0.606598
0.560359 0.635724
0.554331 0.655054
0.560058 0.661886
0.577484 0.663539
0.595106 0.669098
0.599182 0.681080
0.585672 0.694610
0.564425 0.704053
0.551610 0.709845
0.556635 0.718402
0.574643 0.735125
0.590833 0.757644
0.592553 0.776566
0.578699 0.783806
0.558779 0.780902
0.543431 0.779000
0.535456 0.789553
0.529152 0.813540
0.517565 0.839045
0.500000 0.850000
0.500000 0.150000
0.517926 0.158101
0.531281 0.178167
0.539503 0.200227
0.546781 0.214906
0.558779 0.219098
0.577723 0.217233
0.599651 0.217561
0.616188 0.226265
0.619937 0.243562
0.609800 0.264324
0.592374 0.282379
0.578171 0.295082
0.575037 0.304721
0.583171 0.315866
0.595106 0.330902
0.600674 0.347374
0.593567 0.359380
0.575094 0.362123
0.552773 0.356197
0.535002 0.348176
0.525672 0.346698
0.522389 0.356549
0.519237 0.374925
0.511709 0.392685
0.500000 0.400000
0.488291 0.392685
0.480763 0.374925
0.477611 0.356549
0.474328 0.346698
0.464998 0.348176
0.447227 0.356197
0.424906 0.362123
0.406433 0.359380
0.399326 0.347374
0.404894 0.330902
0.416829 0.315866
0.424963 0.304721
0.421829 0.295082
0.407626 0.282379
0.390200 0.264324
0.380063 0.243562
0.383812 0.226265
0.400349 0.217561
0.422277 0.217233
0.441221 0.219098
0.453219 0.214906
0.460497 0.200227
0.468719 0.178167
0.482074 0.158101
0.500000 0.150000
