 518 518
  0.  0.064933
  0.002293  0.059187
  0.007467  0.055733
  0.01092  0.050573
  0.02184  0.050573
  0.028733  0.051147
  0.035053  0.052867
  0.041373  0.05516
  0.047707  0.057467
  0.054027  0.05976
  0.064373  0.060907
  0.071267  0.061493
  0.077013  0.063787
  0.08104  0.068387
  0.08908  0.07068
  0.094253  0.067813
  0.100573  0.06896
  0.105747  0.071827
  0.110347  0.075853
  0.114373  0.080453
  0.121267  0.083333
  0.127013  0.085627
  0.13276  0.08448
  0.136787  0.07988
  0.139653  0.074707
  0.137933  0.06896
  0.135053  0.063213
  0.130467  0.059187
  0.125867  0.054587
  0.12816  0.04884
  0.125293  0.043093
  0.121267  0.038493
  0.118387  0.03332
  0.122987  0.029307
  0.12816  0.032747
  0.133333  0.035627
  0.13908  0.039067
  0.144827  0.0408
  0.149427  0.037347
  0.154027  0.03332
  0.158613  0.02988
  0.164373  0.029307
  0.17012  0.026427
  0.175867  0.026427
  0.182187  0.029307
  0.18908  0.032173
  0.194827  0.03448
  0.202293  0.037347
  0.20804  0.038493
  0.2138  0.039653
  0.218387  0.043667
  0.222987  0.048267
  0.227587  0.052293
  0.232187  0.056893
  0.240227  0.05976
  0.25  0.060907
  0.255747  0.058613
  0.261493  0.05976
  0.26896  0.061493
  0.275867  0.063213
  0.28104  0.06608
  0.286787  0.069533
  0.292533  0.072987
  0.297707  0.076427
  0.302293  0.07988
  0.307467  0.083907
  0.314373  0.086773
  0.32012  0.088493
  0.32644  0.0908
  0.329307  0.096547
  0.33276  0.101147
  0.337933  0.104587
  0.342533  0.10804
  0.347133  0.112067
  0.35172  0.116653
  0.35632  0.120107
  0.361493  0.12356
  0.36724  0.127
  0.371267  0.1316
  0.375867  0.136773
  0.380467  0.141373
  0.386787  0.144827
  0.39196  0.147693
  0.39828  0.150573
  0.4046  0.15344
  0.410347  0.155747
  0.416093  0.15804
  0.42356  0.159187
  0.43104  0.15804
  0.440227  0.156893
  0.446547  0.154587
  0.452867  0.152293
  0.441373  0.147693
  0.435627  0.147693
  0.429307  0.1454
  0.42816  0.139653
  0.424707  0.13448
  0.419533  0.131027
  0.414373  0.127573
  0.409773  0.12356
  0.405173  0.119533
  0.400573  0.115507
  0.39712  0.110907
  0.39368  0.105747
  0.390227  0.100573
  0.386787  0.0954
  0.383333  0.0908
  0.37988  0.085053
  0.377013  0.078733
  0.375293  0.072987
  0.37356  0.06724
  0.372987  0.061493
  0.372413  0.055733
  0.372987  0.05
  0.377587  0.054013
  0.381613  0.058613
  0.386213  0.06264
  0.3908  0.06608
  0.3954  0.070107
  0.398853  0.07528
  0.403453  0.078733
  0.4092  0.0816
  0.405747  0.076427
  0.40172  0.071253
  0.39828  0.066653
  0.3954  0.060907
  0.4  0.06608
  0.404027  0.071253
  0.409773  0.072987
  0.41896  0.07356
  0.42988  0.072413
  0.438507  0.071253
  0.44368  0.068387
  0.449427  0.065507
  0.455747  0.063213
  0.462067  0.060907
  0.46724  0.05804
  0.467813  0.052293
  0.47012  0.046547
  0.472987  0.0408
  0.475867  0.03448
  0.47816  0.02816
  0.482187  0.02356
  0.486213  0.01896
  0.487933  0.013213
  0.505747  0.012067
  0.518387  0.01264
  0.52472  0.013787
  0.530453  0.01264
  0.533907  0.00804
  0.538507  0.004587
  0.547133  0.002867
  0.54828  0.008613
  0.5546  0.009187
  0.5592  0.004587
  0.56264  0.
  0.568387  0.002867
  0.57184  0.00804
  0.575293  0.01264
  0.578733  0.01724
  0.585627  0.021253
  0.591373  0.024707
  0.595973  0.02816
  0.60172  0.0316
  0.60632  0.035053
  0.611493  0.038493
  0.61724  0.0362
  0.624133  0.03792
  0.632187  0.039653
  0.637933  0.0408
  0.64368  0.041947
  0.65  0.041373
  0.65804  0.0408
  0.68448  0.041373
  0.689653  0.04424
  0.694827  0.04712
  0.700573  0.05
  0.705747  0.052867
  0.713213  0.05516
  0.71896  0.05516
  0.724707  0.054587
  0.732187  0.05632
  0.738507  0.056893
  0.733907  0.052293
  0.73104  0.04712
  0.73104  0.041373
  0.73104  0.035627
  0.731613  0.02988
  0.73104  0.024133
  0.72988  0.017813
  0.744253  0.01436
  0.750573  0.012067
  0.758627  0.012067
  0.764373  0.013787
  0.77012  0.015507
  0.77644  0.013787
  0.778733  0.00804
  0.786787  0.00804
  0.790227  0.01264
  0.785053  0.01608
  0.781613  0.021253
  0.77816  0.025853
  0.77988  0.0316
  0.783333  0.0362
  0.786787  0.0408
  0.7908  0.0454
  0.791373  0.051147
  0.788507  0.057467
  0.7862  0.05172
  0.781613  0.05516
  0.781613  0.061493
  0.781613  0.06724
  0.78736  0.06896
  0.793107  0.06896
  0.798853  0.072413
  0.8  0.07816
  0.7954  0.0816
  0.788507  0.085627
  0.78276  0.0862
  0.777013  0.086773
  0.77184  0.083333
  0.766667  0.0862
  0.762067  0.090227
  0.755173  0.090227
  0.755747  0.096547
  0.75804  0.102867
  0.759773  0.108613
  0.760347  0.11436
  0.76092  0.120107
  0.764373  0.124707
  0.76724  0.12988
  0.770693  0.135627
  0.770693  0.141373
  0.76724  0.146547
  0.76092  0.149413
  0.759773  0.15516
  0.755173  0.15976
  0.75  0.16264
  0.744827  0.165507
  0.739653  0.168387
  0.733907  0.171827
  0.72988  0.177573
  0.72644  0.182173
  0.72816  0.188493
  0.73104  0.194827
  0.733907  0.200573
  0.736787  0.206893
  0.73908  0.213213
  0.735053  0.217813
  0.737933  0.224133
  0.7408  0.229307
  0.742533  0.235627
  0.72184  0.235627
  0.70632  0.235053
  0.695973  0.23448
  0.690227  0.232747
  0.680467  0.2316
  0.662067  0.231027
  0.650573  0.2316
  0.6454  0.23448
  0.640227  0.23792
  0.635053  0.241373
  0.63104  0.246547
  0.627587  0.251147
  0.62356  0.25632
  0.620693  0.26264
  0.618387  0.26896
  0.616093  0.27528
  0.613787  0.281027
  0.611493  0.286773
  0.6092  0.293093
  0.60632  0.29884
  0.6046  0.304587
  0.60172  0.310907
  0.599427  0.316653
  0.597133  0.322413
  0.594827  0.328733
  0.59196  0.335053
  0.58908  0.341373
  0.5862  0.346547
  0.583333  0.35172
  0.57644  0.354113
  0.571267  0.351147
  0.558627  0.350573
  0.5592  0.356893
  0.554027  0.361493
  0.54828  0.359187
  0.54368  0.35516
  0.533907  0.352293
  0.52816  0.35516
  0.52644  0.361493
  0.521267  0.35804
  0.512067  0.354587
  0.505173  0.354013
  0.497707  0.354587
  0.492533  0.35804
  0.48736  0.360907
  0.481613  0.36436
  0.474707  0.36724
  0.46896  0.369533
  0.463213  0.371827
  0.457467  0.374133
  0.451147  0.376427
  0.4454  0.378733
  0.439653  0.37988
  0.43276  0.381027
  0.427587  0.385053
  0.422413  0.38908
  0.416093  0.386773
  0.410347  0.385053
  0.4046  0.38448
  0.398853  0.387347
  0.398853  0.381027
  0.398853  0.374707
  0.4  0.368387
  0.402293  0.36264
  0.40804  0.360333
  0.4138  0.357467
  0.4138  0.35172
  0.4138  0.345973
  0.413213  0.340227
  0.409773  0.335627
  0.405747  0.32988
  0.402293  0.32528
  0.398853  0.32068
  0.393107  0.321253
  0.388507  0.31724
  0.38276  0.31436
  0.37816  0.310333
  0.375293  0.30516
  0.369533  0.30344
  0.36552  0.308613
  0.368387  0.314933
  0.372413  0.319533
  0.377013  0.324133
  0.38104  0.328733
  0.385627  0.33332
  0.389653  0.33792
  0.392533  0.34424
  0.394827  0.350573
  0.39368  0.356893
  0.388507  0.361493
  0.380467  0.363213
  0.375293  0.359187
  0.372413  0.352867
  0.370693  0.346547
  0.370693  0.3408
  0.36896  0.335053
  0.3638  0.332173
  0.36092  0.327
  0.3592  0.32068
  0.357467  0.314933
  0.355747  0.308613
  0.354027  0.302867
  0.352293  0.29712
  0.35  0.2908
  0.344253  0.289067
  0.33736  0.287347
  0.333907  0.29252
  0.340227  0.29712
  0.341373  0.302867
  0.34196  0.308613
  0.345973  0.313213
  0.35  0.317813
  0.350573  0.32356
  0.34368  0.324133
  0.337933  0.321827
  0.331613  0.319533
  0.325867  0.317813
  0.317813  0.315507
  0.312067  0.313787
  0.306893  0.309187
  0.30288  0.304587
  0.302293  0.298267
  0.30288  0.29252
  0.303453  0.2862
  0.301147  0.27988
  0.29828  0.27356
  0.295973  0.26724
  0.29368  0.261493
  0.289653  0.256893
  0.285053  0.25344
  0.280467  0.249987
  0.275293  0.24712
  0.27012  0.243093
  0.26552  0.239653
  0.260347  0.236773
  0.255747  0.23332
  0.251147  0.22988
  0.245973  0.226427
  0.2408  0.22356
  0.23448  0.22068
  0.22816  0.217813
  0.222987  0.214933
  0.216093  0.212067
  0.210347  0.210333
  0.2046  0.208613
  0.198853  0.206893
  0.192533  0.20516
  0.186787  0.20344
  0.18104  0.200573
  0.174707  0.197693
  0.168387  0.194827
  0.16264  0.191947
  0.15632  0.18908
  0.15  0.1862
  0.144827  0.183333
  0.13908  0.17988
  0.13448  0.17528
  0.129307  0.171253
  0.124707  0.16724
  0.119533  0.16264
  0.114947  0.158613
  0.110347  0.154587
  0.105173  0.150573
  0.1  0.145973
  0.0954  0.141373
  0.0908  0.13792
  0.085627  0.133333
  0.081613  0.128733
  0.077013  0.124133
  0.072413  0.120107
  0.06724  0.115507
  0.062067  0.110907
  0.056893  0.10632
  0.05172  0.102293
  0.046547  0.097693
  0.04196  0.09424
  0.036787  0.089653
  0.032187  0.0862
  0.025867  0.083333
  0.020693  0.080453
  0.014373  0.077573
  0.0092  0.074707
  0.005173  0.070107
  0.137933  0.052867
  0.13448  0.057467
  0.138507  0.06264
  0.14368  0.065507
  0.14828  0.06896
  0.15288  0.072987
  0.15804  0.069533
  0.15288  0.066653
  0.146547  0.064933
  0.146547  0.059187
  0.1408  0.05804
  0.151147  0.077573
  0.1546  0.082747
  0.162067  0.085627
  0.16092  0.07988
  0.155173  0.07816
  0.17356  0.091947
  0.171267  0.097693
  0.177013  0.10344
  0.175867  0.09712
  0.298853  0.218387
  0.3  0.224133
  0.305173  0.228733
  0.310347  0.2316
  0.316093  0.235053
  0.321267  0.23792
  0.32644  0.2408
  0.33276  0.243667
  0.339653  0.246547
  0.346547  0.248267
  0.35172  0.25172
  0.356893  0.25516
  0.36264  0.258613
  0.369533  0.261493
  0.375867  0.26436
  0.381613  0.263213
  0.377013  0.258613
  0.37184  0.255733
  0.366667  0.252867
  0.367813  0.24712
  0.362067  0.243667
  0.357467  0.240227
  0.352867  0.236773
  0.34196  0.235053
  0.335627  0.232173
  0.330453  0.229307
  0.325293  0.226427
  0.33276  0.222413
  0.325867  0.22068
  0.32012  0.21896
  0.314373  0.216667
  0.308053  0.213787
  0.302293  0.21608
  0.41552  0.349413
  0.41552  0.355733
  0.416667  0.361493
  0.42184  0.36436
  0.431613  0.365507
  0.43908  0.363787
  0.44712  0.362067
  0.453453  0.363787
  0.457467  0.358613
  0.462067  0.354013
  0.4546  0.352867
  0.44712  0.354013
  0.440227  0.354013
  0.43276  0.35516
  0.42644  0.35344
  0.422987  0.347693
  0.422987  0.341947
  0.41724  0.344827
  0.64196  0.1954
  0.635053  0.19712
  0.631613  0.20172
  0.6362  0.20516
  0.64196  0.208613
  0.647707  0.20976
  0.6546  0.210333
  0.659773  0.206893
  0.666667  0.205733
  0.664373  0.2
  0.658627  0.197693
  0.648853  0.1954
 3 4
 4 5
 5 6
 33 34
 32 33
 34 35
 6 7
 2 3
 7 8
 435 1
 1 2
 8 9
 10 11
 11 12
 9 10
 12 13
 13 14
 35 36
 30 31
 36 37
 31 32
 37 38
 38 39
 436 437
 28 29
 29 30
 27 28
 437 438
 26 27
 445 446
 446 436
 443 444
 444 445
 434 435
 433 434
 432 433
 430 431
 431 432
 429 430
 428 429
 427 428
 426 427
 425 426
 423 424
 422 423
 424 425
 421 422
 14 15
 16 17
 15 16
 18 19
 17 18
 25 26
 439 440
 420 421
 419 420
 20 21
 19 20
 23 24
 21 22
 22 23
 24 25
 447 448
 440 441
 438 439
 42 43
 43 44
 40 41
 41 42
 44 45
 45 46
 46 47
 442 443
 48 49
 47 48
 51 52
 49 50
 50 51
 52 53
 39 40
 56 57
 57 58
 53 54
 114 115
 113 114
 112 113
 115 116
 58 59
 60 61
 59 60
 55 56
 111 112
 116 117
 117 118
 110 111
 61 62
 54 55
 441 442
 450 451
 451 447
 62 63
 63 64
 452 453
 449 450
 455 452
 448 449
 65 66
 67 68
 66 67
 454 455
 64 65
 109 110
 69 70
 68 69
 108 109
 106 107
 107 108
 105 106
 71 72
 72 73
 73 74
 76 77
 75 76
 74 75
 104 105
 70 71
 453 454
 118 119
 78 79
 77 78
 418 419
 416 417
 413 414
 415 416
 403 404
 411 412
 412 413
 410 411
 408 409
 407 408
 409 410
 406 407
 405 406
 404 405
 414 415
 401 402
 400 401
 399 400
 398 399
 395 396
 397 398
 402 403
 393 394
 488 456
 392 393
 487 488
 484 485
 485 486
 394 395
 396 397
 417 418
 391 392
 389 390
 390 391
 387 388
 388 389
 386 387
 385 386
 456 457
 384 385
 382 383
 383 384
 380 381
 378 379
 379 380
 381 382
 457 458
 459 460
 461 462
 460 461
 481 482
 482 483
 462 463
 377 378
 372 373
 373 374
 374 375
 370 371
 371 372
 369 370
 376 377
 375 376
 458 459
 486 487
 479 480
 463 464
 478 479
 465 466
 464 465
 466 467
 358 359
 360 361
 359 360
 361 362
 356 357
 354 355
 355 356
 357 358
 476 477
 483 484
 475 476
 80 81
 81 82
 477 478
 82 83
 469 470
 467 468
 472 473
 471 472
 474 475
 473 474
 468 469
 79 80
 470 471
 363 364
 362 363
 352 353
 332 333
 333 334
 353 354
 331 332
 351 352
 364 365
 365 366
 366 367
 367 368
 350 351
 349 350
 348 349
 368 369
 329 330
 328 329
 335 336
 327 328
 325 326
 326 327
 347 348
 345 346
 344 345
 346 347
 338 339
 342 343
 343 344
 339 340
 337 338
 336 337
 334 335
 330 331
 83 84
 480 481
 149 150
 146 147
 151 152
 152 153
 153 154
 150 151
 148 149
 141 142
 142 143
 139 140
 140 141
 144 145
 145 146
 147 148
 143 144
 156 157
 155 156
 158 159
 157 158
 159 160
 161 162
 162 163
 160 161
 163 164
 164 165
 167 168
 166 167
 168 169
 154 155
 165 166
 125 126
 126 127
 120 121
 119 120
 124 125
 127 128
 123 124
 128 129
 102 103
 121 122
 103 104
 101 102
 122 123
 100 101
 129 130
 84 85
 132 133
 131 132
 92 93
 137 138
 138 139
 133 134
 135 136
 134 135
 99 100
 130 131
 98 99
 97 98
 95 96
 94 95
 93 94
 96 97
 136 137
 169 170
 189 190
 190 191
 172 173
 187 188
 186 187
 188 189
 175 176
 173 174
 174 175
 176 177
 171 172
 185 186
 184 185
 183 184
 192 193
 191 192
 195 196
 194 195
 197 198
 199 200
 198 199
 196 197
 200 201
 201 202
 203 204
 202 203
 205 206
 207 208
 208 209
 206 207
 204 205
 193 194
 209 210
 179 180
 181 182
 180 181
 178 179
 182 183
 222 223
 223 224
 221 222
 224 225
 225 226
 227 228
 226 227
 230 231
 229 230
 228 229
 177 178
 211 212
 212 213
 214 215
 213 214
 215 216
 216 217
 231 232
 233 234
 232 233
 234 235
 217 218
 219 220
 220 221
 218 219
 210 211
 170 171
 324 325
 323 324
 86 87
 322 323
 321 322
 87 88
 319 320
 506 489
 489 490
 320 321
 504 505
 505 506
 318 319
 88 89
 340 341
 341 342
 90 91
 89 90
 501 502
 498 499
 499 500
 91 92
 500 501
 502 503
 503 504
 293 294
 289 290
 295 296
 294 295
 292 293
 315 316
 316 317
 317 318
 490 491
 491 492
 306 307
 313 314
 311 312
 312 313
 310 311
 309 310
 314 315
 308 309
 307 308
 492 493
 495 496
 494 495
 496 497
 296 297
 298 299
 290 291
 291 292
 297 298
 304 305
 305 306
 303 304
 300 301
 302 303
 301 302
 497 498
 299 300
 493 494
 85 86
 509 510
 508 509
 517 518
 516 517
 518 507
 511 512
 258 259
 512 513
 510 511
 513 514
 514 515
 257 258
 256 257
 515 516
 259 260
 242 243
 241 242
 237 238
 238 239
 239 240
 240 241
 255 256
 245 246
 246 247
 244 245
 249 250
 248 249
 247 248
 243 244
 507 508
 250 251
 276 277
 278 279
 277 278
 272 273
 273 274
 275 276
 274 275
 279 280
 287 288
 285 286
 286 287
 284 285
 281 282
 282 283
 280 281
 283 284
 288 289
 260 261
 263 264
 261 262
 254 255
 253 254
 252 253
 251 252
 271 272
 270 271
 264 265
 269 270
 268 269
 266 267
 267 268
 265 266
 262 263
 236 237
 235 236
