> Shore Bin # 0, Level 1
20	79.1593804837
18.2830548562	79.6211184863
17.671778439	79.3607995727
16.2697795071	80.0587472343
16.5267414359	78.9054703593
14.7264820325	79.7886625467
14.043183032	79.2637521935
12.3482108797	79.5799191272
13.8063630121	79.8771648737
10.664835584	79.5466544594
13.0000762951	78.2044708934
15.3466086824	78.8505378805
15.4232089723	78.4577706569
16.5700770581	78.7162584878
17.3983367666	78.4293888762
13.5982299535	78.0567635615
13.949797818	77.7161821927
16.9915312428	77.9291981384
14.7383840696	77.6533150225
16.0997940032	77.4595254444
13.915007248	77.5242236973
15.4381628138	76.9999237049
16.9900053407	76.5961699855
19.0283054856	78.4223697261
20	78.5487144274
> Shore Bin # 0, Level 1
20	80.429236286
19.6249332418	80.5055313954
19.570000763	80.1362630655
17.7376974136	80.1258869306
18.7466239414	79.7111467155
20	79.7499046311
> Shore Bin # 1, Level 1
28.8679331655	70
28.5560387579	70.1724269474
30.1823453117	70.0695811398
31.0310521096	70.3973449302
28.9723048753	70.8847180896
27.8547341115	70.4269474327
28.5539024949	70.9701686122
27.6575875486	71.1313038834
27.0911726558	70.4632639048
26.4859998474	70.3582818341
26.659952697	70.9680323491
25.1523613336	70.0653086137
25.9137865263	70.8740367742
24.6399633783	70.9921416037
23.4900434882	70
> Shore Bin # 1, Level 1
20	79.7499046311
21.7117570764	79.8023956664
20.0997940032	79.452964065
23.6566720073	79.1813534752
27.0048065919	79.9433890288
26.9999237049	79.9446097505
24.8300907912	80.3462272068
23.0746929122	80.1036087587
22.7948424506	80.5046158541
22.2601663233	79.9711604486
20	80.429236286
> Shore Bin # 1, Level 1
24	77.62371252
22.8567940795	78.2536049439
20.8349736782	78.1132219425
20.8798352026	77.4387731746
22.4832532235	77.6145571069
22.6764324407	77.2370489052
24.0064087892	77.62371252
24	77.62371252
> Shore Bin # 1, Level 1
21.2738231479	70
21.2350652323	70.0122072175
21.2133974212	70
> Shore Bin # 1, Level 1
23.3633936065	70
21.5625238422	70.3228809033
21.868314641	70
> Shore Bin # 1, Level 1
20	78.5487144274
21.5313954376	78.7473868925
20	79.1593804837
> Shore Bin # 2, Level 1
60	76.0447089342
56.0082398718	75.1831845579
56.963759823	74.6698710613
55.1259632258	74.2267490654
56.3912413214	74.0082398718
55.0350194553	74.1571679255
53.6925307088	73.7921721218
55.8461890593	73.6466010529
54.0737010758	73.3466086824
56.6948958572	73.245288777
56.37628748	73.7390707256
57.5988403143	73.6316472114
56.5935759518	73.8806744488
57.8750286107	73.7653162432
57.4975204089	74.1928740368
58.2549782559	73.9996948196
58.2574196994	73.9996948196
58.2186617838	74.5432211795
59.1549553674	74.4187075608
60	74.7660028992
> Shore Bin # 2, Level 1
53.9974059663	70.7370107576
57.6110475319	70.7125963226
55.186083772	71.8991378653
55.0811017014	72.5775539788
56.5188067445	73.1509880217
54.8097962921	73.2565804532
53.1963073167	73.1500724804
53.6110475319	72.8891432059
52.363775082	72.7148851759
53.6586556802	72.6416418708
51.4061188678	71.8326085298
51.9099717708	71.4554055085
53.5011825742	71.5432974746
53.9861142901	70.7409781033
53.9974059663	70.7370107576
> Shore Bin # 2, Level 1
60	70.0671396963
58.7673762112	70.427862974
58.6962691691	70.0033569848
58.711528191	70
> Shore Bin # 3, Level 1
80	72.0416571298
78.4475471122	72.3862058442
77.4636453803	72.2073701076
77.9848935683	71.8261997406
75.9661249714	71.885709926
78.5085831998	70.9042496376
76.1324483101	71.1612115663
74.8287174792	72.8308537423
75.018844892	72.1899748226
73.0086213474	71.3968108644
74.3260852979	70.5908293278
74.094758526	70
> Shore Bin # 3, Level 1
72.6875715267	70
72.811169604	70.8700694285
71.8110933089	71.4642557412
72.8786144808	72.6932173648
71.6325627527	72.9004348821
69.3962005035	72.9474326696
68.3387502861	71.5866330968
66.728923476	71.1065842679
66.7847714961	70
> Shore Bin # 3, Level 1
60	74.7660028992
61.3165484092	75.3070878157
68.4049744411	76.212558175
68.6066987106	76.955367361
64.7797360189	76.3294422827
61.1264209964	76.2879377432
60	76.0447089342
> Shore Bin # 3, Level 1
60.2298008698	70
60	70.0671396963
> Shore Bin # 4, Level 1
100	76.4747081712
98.8781567102	76.4850843061
99.8449683375	76.0425726711
98.8265812161	76.2595559625
95.7030594339	75.8261997406
96.1266498817	76.1170366979
93.2735179675	76.1045243
92.8364995804	75.8786907759
94.1152056153	75.9168383307
86.9831387808	75.1346608682
87.0075532158	74.6012054627
85.9174486915	74.8520637827
87.2367437247	73.8348973831
80.5062943465	73.557488365
80.8511482414	72.4283207446
83.6688792248	71.6409552148
83.628595407	70
> Shore Bin # 4, Level 1
100	79.8255893797
98.7750057221	80.0721751736
97.6632333867	79.8454261082
97.6797131304	80.1661707485
92.8615243763	79.5573357748
95.9832150759	78.9771877623
95.9899290455	78.9771877623
100	78.9091325246
> Shore Bin # 4, Level 1
82.8754100862	70
82.4237430381	70.1709010452
82.8473334859	70.9585717556
82.0138857099	70.5557335775
83.2635996033	71.7215228504
81.4523537041	71.7196917678
80	72.0416571298
> Shore Bin # 4, Level 1
93.7117570764	79.9992370489
97.3049515526	80.2204928664
98.1921110857	80.6517128252
95.670405127	81.2803845274
91.4622720684	80.2583352407
93.7114518959	80.0001525902
93.7117570764	79.9992370489
> Shore Bin # 5, Level 1
120	72.9520103761
119.847714961	72.957503624
118.406042573	73.2251468681
118.879987793	73.530327306
115.687190051	73.7055008774
113.514610513	73.2025635157
112.845044633	73.9871824216
112.307621881	73.6896314946
111.572442206	74.0521858549
110.022430762	74.0061036088
109.690089265	73.6737621118
111.034714275	73.687800412
106.339818418	73.1894407568
105.499656672	72.7444876783
107.01731899	73.6319523919
113.578393225	75.2124818799
112.34821088	75.8399328603
113.583276112	75.5310902571
113.934843977	75.8350499733
111.093308919	76.7652399481
106.533302815	76.4994277867
107.544975967	76.9141680018
104.166628519	77.082932784
106.345006485	77.36583505
104.146791791	77.7161821927
101.355001144	77.0890363928
101.128252079	76.4640268559
100	76.4747081712
> Shore Bin # 5, Level 1
100.325017166	77.995117113
105.471274891	78.4925612268
103.886472877	79.1703669795
102.467689021	78.8123903258
102.476234073	79.4145113298
100.316472114	77.9929808499
100.325017166	77.995117113
> Shore Bin # 5, Level 1
100	78.9091325246
100.004882887	78.9091325246
100.11169604	79.8033112078
100	79.8255893797
> Shore Bin # 6, Level 1
140	71.4401464866
138.114900435	71.5704585336
137.862516213	71.1004806592
136.022278172	71.6269169146
133.817654688	71.4145113298
132.780041199	71.9513237201
131.044785229	70.7028305486
128.306095979	72.0807202258
129.556115053	72.212558175
128.442816815	72.5180437934
129.451132982	72.6517128252
128.816052491	73.2001220722
126.281223774	73.2593270771
124.437323568	73.8013275349
122.842450599	72.8525215534
120	72.9520103761
> Shore Bin # 6, Level 1
140	75.7889677272
138.783245594	76.2021820401
136.988174258	75.5851071946
137.993743801	74.8465705348
137.993743801	74.8450446326
140	74.8624399176
> Shore Bin # 6, Level 1
140	72.3849851225
139.123826963	72.2525368124
140	72.2735942626
> Shore Bin # 6, Level 1
140	72.202792401
139.306019684	71.9424734874
140	71.5057602808
> Shore Bin # 6, Level 1
140	73.4497596704
139.793698024	73.4039826047
140	73.3911650263
> Shore Bin # 7, Level 1
160	70.0405889982
158.924849317	70.8905165179
155.922484169	71.0885786221
152.531319142	70.8151369497
148.828870069	71.689173724
150.063630121	71.9290455482
148.367437247	72.3312733654
147.11497673	72.3154039826
145.347676814	71.5545891508
145.498741131	72.2482642863
145.982452125	71.8628213931
146.943770504	72.3175402457
144.244754711	72.2485694667
146.862592508	72.3630121309
140.889906157	72.8720531014
141.301289387	72.5818265049
140	72.3849851225
> Shore Bin # 7, Level 1
140	74.8624399176
143.587396048	74.8938735027
142.403295949	75.7337300679
143.403067063	75.0437170977
145.408407721	75.4917219806
141.38002594	76.1762417029
140.570077058	75.5954833295
140	75.7889677272
> Shore Bin # 7, Level 1
147.146105135	74.9991607538
149.035172045	74.7403677424
150.984969863	75.1306935225
146.483253223	75.5863279164
147.145494774	75.0000762951
147.146105135	74.9991607538
> Shore Bin # 7, Level 1
140	73.3911650263
142.995040818	73.2037842374
142.999923705	73.2037842374
143.523918517	73.4631876097
142.070038911	73.9087510491
140	73.4497596704
> Shore Bin # 7, Level 1
140	72.2735942626
140.201113909	72.2781719692
140	72.202792401
> Shore Bin # 7, Level 1
140	71.5057602808
140.117189288	71.4322117952
140	71.4401464866
> Shore Bin # 8, Level 1
180	71.3986419471
178.99626154	70.8181887541
178.997482261	70.818799115
180	70.9372091249
> Shore Bin # 8, Level 1
171.452201114	70
170.549782559	70.1196307317
170.461280232	70
> Shore Bin # 8, Level 1
160.051270314	70
160	70.0405889982
> Shore Bin # 9, Level 1
-180	70.9372091249
-179.99969482	70.9372091249
-177.406271458	71.2442206455
-179.689936675	71.5777828641
-179.99969482	71.3986419471
-180	71.3986419471
> Shore Bin # 9, Level 1
-160	70.4739452201
-160.127565423	70.6070038911
-161.925078202	70.2944991226
-162.382543679	70
> Shore Bin # 10, Level 1
-142.62027924	70
-143.255054551	70.117799649
-151.200122072	70.3521782254
-152.603952087	70.545662623
-152.262455177	70.8404669261
-154.187533379	70.7687495232
-155.074998093	71.1303883421
-155.997558556	70.749828336
-155.568780041	71.1615167468
-156.484931716	71.3885709926
-157.816739147	70.8667124437
-159.657587549	70.7962157626
-159.843747616	70.3109788663
-160	70.4739452201
> Shore Bin # 11, Level 1
-120	74.2066071565
-121.451132982	74.5566491188
-124.733958953	74.3506523232
-123.751888304	73.7524986648
-125.990691997	71.9659723812
-124.892957961	71.9574273289
-123.10093843	71.0791180285
-120.632028687	71.4920271611
-120.345464256	71.9958800641
-120.33417258	71.9980163272
-120	72.1008621347
> Shore Bin # 11, Level 1
-126.865644312	70
-128.040283818	70.5774013886
-127.44914931	70.1409933623
-128.028381781	70
> Shore Bin # 11, Level 1
-120	76.9907682918
-122.581216144	75.9385061418
-120.854200046	76.2134737163
-120	75.9507133593
> Shore Bin # 11, Level 1
-124.490730144	70
-124.525825895	70.2005035477
-124.737315938	70
> Shore Bin # 11, Level 1
-129.994354162	70
-129.668116274	70.255741207
-130.624856947	70
> Shore Bin # 12, Level 1
-100.971389334	70
-100.981460288	70.1882963302
-104.486457618	71.0293736172
-105.281147478	72.8262760357
-106.762188144	73.2996108949
-108.245975433	73.1729610132
-107.755245289	71.6031128405
-109.900968948	72.9752040894
-110.727092393	72.9620813306
-109.745632105	72.4286259251
-110.683451591	72.5748073548
-111.008773938	72.281528954
-112.040283818	72.2757305257
-111.186083772	72.7267872129
-112.788281071	72.994430457
-114.524757763	72.5760280766
-114.480201419	73.3765163653
-118.497596704	72.5043106737
-119.122301061	71.7721828031
-117.743801022	71.6696421759
-118.233920806	71.3946746014
-115.037460899	71.5341420615
-118.329747463	71.0440222782
-117.683985657	70.6317235065
-113.821011673	70.7159533074
-111.443350881	70.3424124514
-117.364766918	70.0393682765
-117.311055161	70
> Shore Bin # 12, Level 1
-115.559929808	74.9945830472
-114.030060273	75.4749370565
-113.917448692	75.0525673304
-111.041733425	75.2780956741
-114.426489662	74.6958113985
-112.357671473	74.4242008087
-108.798352026	75.0739299611
-106.00015259	75.0525673304
-105.424887465	75.8539711604
-106.569619287	76.0697337301
-106.840924697	75.6504158083
-108	75.787441825
-109.107499809	76.8259708553
-110.415197986	76.3550774395
-108.88532845	75.4804303044
-111.224231327	75.5167467765
-114.895857176	76.5214007782
-115.898985275	76.2903791867
-114.627603571	76.1701380941
-116.730907149	75.9049362936
-114.782330053	75.8976119631
-117.217364767	75.5814450294
-115.007553216	75.6992446784
-117.663843748	75.2521553368
-115.56816968	74.9933623255
-115.559929808	74.9945830472
> Shore Bin # 12, Level 1
-120	75.9507133593
-119.758297093	75.8762493324
-117.838406958	76.8293278401
-117.068436713	76.3062485695
-115.350881209	77.314259556
-117.000076295	77.439688716
-117.000076295	77.4387731746
-119.213244831	77.3112077516
-120	76.9907682918
> Shore Bin # 12, Level 1
-100	78.5899137865
-100.356450752	78.8343633173
-105.451743343	79.3366903182
-104.986343175	78.7968261234
-103.299000534	78.7348744945
-104.436102846	78.2664225223
-102.774395361	78.3964293889
-100	78.0347905699
> Shore Bin # 12, Level 1
-109.99984741	77.9200427253
-113.168535897	77.9255359731
-113.197833219	77.5245288777
-110.879377432	77.4079499504
-110.01388571	77.9188220035
-109.99984741	77.9200427253
> Shore Bin # 12, Level 1
-105.046768902	72.9947356374
-104.499580377	73.5928892958
-106.55741207	73.7082475013
-107.009384298	73.4708171206
-105.069047074	72.9925993744
-105.046768902	72.9947356374
> Shore Bin # 12, Level 1
-120	72.1008621347
-115.322499428	73.5407034409
-117.625391012	74.2511635004
-119.126268406	73.9957274739
-120	74.2066071565
> Shore Bin # 12, Level 1
-100	73.8202487221
-100.858777752	73.840390631
-100.42511635	73.4073395895
-101.622339208	73.4958419165
-100	73.2455939574
> Shore Bin # 12, Level 1
-100	72.9669642176
-100.165712978	72.7872129397
-102.228427558	73.092698558
-102.686198215	72.6929121843
-100	71.6556038758
> Shore Bin # 12, Level 1
-100	75.8985275044
-101.896696422	76.4478522927
-100.917372396	75.8127718013
-102.860456245	75.6287479973
-100	75.684290837
> Shore Bin # 12, Level 1
-100	75.5829709316
-100.779125658	75.3550011444
-100.056153201	74.9863431754
-100.016479744	74.9875638972
-100	74.9878690776
> Shore Bin # 12, Level 1
-100	76.4463263905
-100.985122454	76.5030899519
-100	75.9241626612
> Shore Bin # 13, Level 1
-80	80.5864042115
-83.1943236439	80.3266956588
-80.5978484779	79.5597772183
-83.7827115282	80.2470435645
-86.4966811627	80.2980086976
-83.3539330129	79.0534828717
-84.7049668116	79.0196078431
-81.482261387	79.0574502174
-83.2559700923	78.8444342718
-82.345616846	78.5676356146
-85.0782024872	78.9222552834
-86.8528267338	78.7388418402
-87.4827191577	78.1229877165
-85.8204013123	78.3866636149
-85.4514381628	78.1019302663
-84.5966277562	78.5954070344
-84.7895017929	77.520561532
-82.2983138781	78.0772106508
-84.4678416114	77.2953383688
-88.228580148	77.852292668
-86.6163118944	77.181200885
-89.6641489281	76.5717555505
-88.5947966735	76.3996337835
-88.4205386435	76.7704280156
-87.6121156634	76.3361562524
-87.5278858625	76.6282139315
-86.6861982147	76.3425650416
-86.6099031052	76.6416418708
-85.2469672694	76.2790875105
-84.3186083772	76.6562905318
-83.1992065309	76.4136720836
-83.3966582742	76.7618829633
-82.266880293	76.3938353552
-82.7405203326	76.8247501335
-81.0656900893	76.1313801785
-80	76.2613870451
> Shore Bin # 13, Level 1
-94.1969939727	78.997940032
-91.6603341726	78.567940795
-92.9875638972	78.4754711223
-92.0549324788	78.2032501717
-89.4761577783	78.1489280537
-89.9623102159	78.6124971389
-88.8624399176	78.1464866102
-88.159609369	78.9951934081
-87.6133363851	78.6420996414
-84.8795300221	79.2686350805
-85.703822385	79.6195925841
-87.4354161898	79.5323109789
-87.6148622873	80.4063477531
-88.3411917296	80.0776684215
-93.4926375219	81.3795681697
-95.5019455253	80.8131532769
-93.7666895552	80.5201800565
-96.619516289	80.3508049134
-94.389562829	79.9794003204
-96.6781109331	80.14633402
-96.63416495	79.8799114977
-94.3315785458	79.7694361791
-95.1457999542	79.2738231479
-90.3334096284	79.2436102846
-94.1939421683	79.0000762951
-94.1969939727	78.997940032
> Shore Bin # 13, Level 1
-80	75.531700618
-81.5954833295	75.8081940948
-86.5537499046	75.3607995727
-88.7647821775	75.6845960174
-88.9314106966	75.4288548104
-89.9320973526	76.0068665599
-91.2004272526	75.8170443275
-90.1939421683	76.0621042191
-91.618829633	76.2644388495
-89.1956969558	76.2357518883
-91.4720378424	76.4527351797
-90.9706263828	76.6520180056
-93.5530632486	76.3871213855
-93.6903944457	76.9172198062
-96.8010986496	76.9837491417
-95.4030670634	76.2308690013
-93.0907148852	76.3620965896
-92.1696803235	75.0000762951
-92.1666285191	74.9924467842
-89.9812314031	74.5294880598
-88.5508506905	74.907301442
-87.7155718318	74.455024033
-83.5907530327	74.5420004578
-83.5123216602	74.9030289158
-81.7648584726	74.4687571527
-80	74.7754634928
> Shore Bin # 13, Level 1
-80	82.8764782177
-82.3566033417	82.6750591287
-80.4199282826	82.0405889982
-85.1868467231	82.4803540093
-86.8601510643	82.1977569238
-84.5032425422	81.8812848096
-87.9664301518	82.1242084382
-91.8910505837	81.6581979095
-89.5042343786	81.6267643244
-90.4045166705	81.3624780652
-87.2108033875	81.4906538491
-89.698939498	81.0057221332
-84.6427100023	81.2883192187
-89.4172579538	80.9120317388
-87.4949263752	80.623025864
-82.305943389	81.1775387198
-85.5097276265	80.8018616007
-86.0617990387	80.5293354696
-83.2135500114	80.8390936141
-81.7337300679	80.8152895399
-83.1152819104	80.5400167849
-80.9323262379	80.6538490883
-80	80.8360418097
> Shore Bin # 13, Level 1
-80	72.3938353552
-80.9622339208	71.8838788434
-80.2258335241	72.7362478065
-81.5481803616	73.7241168841
-85.0000762951	73.3481345846
-83.6984817273	73.0072480354
-85.5429922942	73.0331883726
-83.9514763104	72.7472343023
-85.7016861219	72.9047074083
-84.1489280537	72.0065613794
-85.2259098192	72.2665751125
-86.0386053254	72.0212100404
-84.4806591897	71.6372930495
-84.7724116884	70.9329365988
-85.0000762951	71.204852369
-89.5307850767	71.0910200656
-88.7925535973	70.4980544747
-87.8580910964	70.2398718242
-86.3816281376	70.5282673381
-85.8191805905	70.0094605936
-85.5387197681	70
> Shore Bin # 13, Level 1
-100	71.6556038758
-99.2138551919	71.35194934
-98.178377966	71.4239719234
-98.2198825055	71.8954757
-98.1823453117	71.6455329213
-97.0037384604	71.7462424659
-97.0000762951	71.7499046311
-96.5221637293	72.756084535
-98.4890516518	73.009079118
-96.9579613947	73.7485313191
-100	73.8202487221
> Shore Bin # 13, Level 1
-85.0000762951	71.280842298
-86.0962844282	71.9778744182
-86.2836652171	72.7026779583
-84.8316166934	73.7436484321
-86.5577172503	73.857175555
-89.1493095293	73.1830319677
-89.9998474098	71.4541847868
-86.9837491417	71.2152285039
-85.0034332799	71.280842298
-85.0000762951	71.280842298
> Shore Bin # 13, Level 1
-94.9999237049	71.9821469444
-93.4520485237	72.441138323
-94.2928206302	72.7740901808
-92.0994888228	72.7408255131
-90.1869230182	73.9151598383
-95.2907606622	73.9932860304
-95.0170138094	71.9803158618
-94.9999237049	71.9821469444
> Shore Bin # 13, Level 1
-92.5868619821	70
-92.3576714733	70.2444495308
-91.5049973297	70.1840238041
-94.4835584039	71.9940489815
-96.599984741	70.823682002
-95.754024567	70.7168688487
-96.1162737469	70
> Shore Bin # 13, Level 1
-100	74.9878690776
-97.9729915312	75.0238803693
-97.2631418326	75.3980315862
-98.4930189975	76.6846723125
-99.0563820859	76.3920042725
-100	76.4463263905
> Shore Bin # 13, Level 1
-96	77.8825055314
-94.8665598535	78.3866636149
-98.1539635309	78.8172732128
-97.7935454337	78.0332646677
-96.0259403372	77.8809796292
-96	77.8825055314
> Shore Bin # 13, Level 1
-80	73.7064164187
-80.8120851453	73.7543297475
-80.1312275883	72.9999237049
-80.1327534905	72.9990081636
-80	72.9556725414
> Shore Bin # 13, Level 1
-96.6240939956	74.9982452125
-93.4843976501	74.6750591287
-94.5015640497	75.6198977646
-96.6167696651	75.0000762951
-96.6240939956	74.9982452125
> Shore Bin # 13, Level 1
-100	78.0347905699
-98.9929045548	77.9032578012
-98.9999237049	77.9047837034
-100	78.5899137865
> Shore Bin # 13, Level 1
-80	77.087815671
-81.7993438621	77.1747920958
-81.9607843137	77.6838330663
-80	77.4595254444
> Shore Bin # 13, Level 1
-100	75.684290837
-99.6298161288	75.691309987
-100	75.5829709316
> Shore Bin # 13, Level 1
-82.1234454871	70
-83.0295262074	70.3146410315
-81.9180590524	70
> Shore Bin # 13, Level 1
-81.4554055085	70
-81.7285420005	70.1458762493
-80.0695811398	70
> Shore Bin # 13, Level 1
-80	74.9701686122
-80.3683527886	75.0165560388
-80	75.2204165713
> Shore Bin # 13, Level 1
-100	73.2455939574
-99.7750820172	73.2108033875
-100	72.9669642176
> Shore Bin # 13, Level 1
-100	75.9241626612
-99.9139391165	75.8735027085
-100	75.8985275044
> Shore Bin # 14, Level 1
-80	77.4595254444
-78.7277027543	77.3139543755
-78.1820401312	77.9737544823
-75.8651102464	77.9575799191
-76.8825818265	78.2127107652
-75.0048065919	78.3262378882
-76.6305027848	78.5242999924
-74.576333257	78.5871671626
-78.8632028687	79.064774548
-74.4380865187	79.0305943389
-78.0456244755	79.3522545205
-73.2014953841	79.5164415961
-74.2464332036	79.885709926
-71.4634927901	79.7227435721
-70.4557869841	80.0904859998
-72.3634699016	80.217441062
-70.109407187	80.1878385595
-70.7960631724	80.5580224308
-69.4923323415	80.3703364614
-64.5926604105	81.4042877852
-70.0157167926	81.0820172427
-66.6169222553	81.5150682841
-69.2930495155	81.7085526818
-65.8152132448	81.6212710765
-62.3703364614	81.9978637369
-61.1102464332	82.3591973754
-63.5657282368	82.8328374151
-68.5893034257	82.6228732738
-66.3562981613	82.9350728618
-77.0000762951	83.1294728008
-77.0879682612	83.1255054551
-80	82.8764782177
> Shore Bin # 14, Level 1
-69.1526665141	70
-68.6762798505	70.2072175174
-70.1780727855	70.0323491264
-68.2856488899	70.5255207141
-69.4474708171	70.7949950408
-70.6153963531	70.4574654765
-69.8841840238	70.8841077287
-71.5431448844	70.0265506981
-71.1653315023	70.5465781643
-71.9725337606	70.4199282826
-70.6044098573	71.0589761196
-72.5658045319	70.6155489433
-71.1549553674	71.2732127871
-72.5499351492	71.6607919432
-73.8554970626	71.0495155261
-73.5991454948	71.7792019532
-75.0475318532	71.1789120317
-74.6166170748	71.6598764019
-75.36583505	71.684290837
-74.2085908293	72.0611886778
-76.4010070954	71.8591592279
-75.1500724804	72.490577554
-77.5750362402	72.7618829633
-78.5500877394	72.4383916991
-77.0037384604	72.1359578851
-78.8812085145	72.2342259861
-77.7306782635	71.7465476463
-79.7903410391	72.5046158541
-80	72.3938353552
> Shore Bin # 14, Level 1
-60	81.8480201419
-61.8326085298	81.7857633326
-61.787441825	80.9965667201
-63.4702067597	81.2037842374
-63.1076523995	80.7392996109
-64.0802624552	81.1171129931
-67.4677653162	80.3483634699
-67.0099946593	80.0535591669
-63.8477149615	80.1475547417
-66.0086976425	79.1175707637
-69.0434119173	79.0394445716
-73.0617227436	78.1766994736
-69.3199053941	77.4705119402
-66.1750209812	77.604180972
-66.1600671397	77.2529182879
-69.1151293202	77.2758068208
-66.3566033417	77.1103990234
-71.3615625238	77.0643167773
-67.9185168231	76.6849774929
-69.6116578927	76.4182497902
-68.5267414359	76.0904859998
-66.473182269	75.9104295415
-67.110093843	76.2504005493
-65.4200045777	76.0196841382
-63.3966582742	76.3804074159
-60.9100480659	76.163729305
-60	75.856412604
> Shore Bin # 14, Level 1
-80	80.8360418097
-76.8416876478	81.4528114748
-78.9678797589	80.8790722515
-76.4525825895	80.8747997253
-80	80.5864042115
> Shore Bin # 14, Level 1
-80	72.9556725414
-79.3356221866	72.73868925
-76.054322118	72.8610666056
-77.4099336233	73.5535210193
-80	73.7064164187
> Shore Bin # 14, Level 1
-80	76.2613870451
-78.3898680095	76.4573128862
-78.0050354772	76.9916838331
-80	77.087815671
> Shore Bin # 14, Level 1
-78.9803921569	70
-79.6008239872	70.3744563973
-78.9861905852	70.708018616
-77.9833676661	70
> Shore Bin # 14, Level 1
-60	82.0311284047
-60.1202410925	82.0238040742
-60	81.995117113
> Shore Bin # 14, Level 1
-67.3307392996	70
-68.1605249104	70.3183031968
-69.0110627909	70
> Shore Bin # 14, Level 1
-80	74.7754634928
-79.3487449454	74.8886854353
-80	74.9701686122
> Shore Bin # 14, Level 1
-80	75.2204165713
-79.5715266651	75.4575417716
-80	75.531700618
> Shore Bin # 15, Level 1
-60	75.856412604
-56.1510643168	74.5566491188
-57.3037308309	74.1025406271
-56.0762951095	74.2798504616
-55.6963454643	73.0582131685
-54.2714579995	72.4884412909
-55.6261539635	72.450904097
-54.6938277256	72.3691157397
-55.250171664	71.9272144656
-54.3938353552	72.2424658579
-55.8687724117	71.6867322805
-53.9073777371	71.4447241932
-53.5725947967	72.3596551461
-53.2774853132	71.7145037003
-51.7036697948	71.7425803006
-53.0061799039	71.4224460212
-51.3685816739	71.4840924697
-52.538643473	71.1667048142
-51.5162890059	71.3043411917
-52.2264438849	71.1132982376
-50.9364461738	71.0193026627
-51.9688715953	71.0257114519
-50.5613794156	70.3308155947
-52.9274433509	70.7687495232
-54.6163118944	70.6524757763
-52.3549248493	70.0494392309
-50.2449073014	70.0521858549
-50.301060502	70
> Shore Bin # 15, Level 1
-40	82.7730220493
-44.270389868	83.2750438697
-45.9076829175	82.9283588922
-41.1767757687	82.7220569162
-40.8795300221	82.3634699016
-46.5452048524	82.7788204776
-43.267566949	82.233463035
-45.6189822232	82.2590981918
-45.308003357	81.7558556497
-51.7317463951	82.5148393988
-50.3498893721	81.6035706111
-53.7453269245	81.9832150759
-54.8052185855	81.6044861524
-55.1946288243	82.3305104143
-60	82.0311284047
> Shore Bin # 15, Level 1
-60	81.995117113
-57.2173647669	81.3340962844
-59.7552452888	81.8562600137
-60	81.8480201419
> Shore Bin # 15, Level 1
-52.8938735027	70
-53.3101396201	70.2078278782
-54.8238345922	70.2200350958
-54.8195620661	70
> Shore Bin # 16, Level 1
-27.7784390021	70
-28.5963225757	70.105897612
-26.5226215	70.4711985962
-29.2512397955	70.4589913787
-27.9374380102	71.155413138
-26.8024719615	70.9378194858
-25.4337376974	71.2750438697
-28.45990692	71.5454337377
-27.3463035019	71.7059586481
-28.3701838712	71.998626688
-24.643930724	71.3476768139
-23.3774319066	70.457160296
-22.4902723735	70.8670176242
-22.4237430381	70.4650949874
-21.4987411307	70.5200274662
-22.3361562524	71.0525673304
-21.7587548638	71.4932478828
-22.5787747005	71.4648661021
-21.9214160372	71.7383077745
-23.1549553674	71.6287479973
-22.5387960632	71.9241626612
-24.6198214694	72.4246585794
-25.5124742504	72.1155107958
-25.256427863	72.3956664378
-26.3337148089	72.3883421073
-24.5889982452	72.4841687648
-25.2649729152	72.8012512398
-26.6425574121	72.5238422217
-27.4662394141	72.8375677119
-25.0965133135	73.0658426795
-27.7161821927	73.1241321431
-26.3538567178	73.2349126421
-27.3276874952	73.496147097
-26.0001525902	73.2361333639
-24.6912336919	73.5040817884
-25.7624170291	73.9487296864
-24.4776073854	73.5361257343
-24.1425192645	73.8080415045
-22.2275120165	73.6130312047
-24.0939955749	73.6758983749
-22.4026855879	73.2480354009
-20.4113832303	73.4775310903
-20.29266804	73.8587014572
-21.7251850156	74.0628671702
-21.8274204623	73.641107805
-22.4863050278	74.0558480201
-22.1087968261	74.6042572671
-20	74.2893110552
> Shore Bin # 16, Level 1
-20	81.5278858625
-21.0714885176	81.5901426719
-24.7806515602	80.5333028153
-22.9361409934	82.0708018616
-27.8113984894	81.3994048981
-26.1567101549	81.9862668803
-34.2726787213	81.8110933089
-32.8007934691	82.1861600671
-25.7737087053	82.1681544213
-21.924773022	82.629282063
-26.9404135195	82.7733272297
-26.2497901884	83.1685358968
-36.8807507439	82.7116807813
-34.8387884337	83.1657892729
-26.7997253376	83.342183566
-38.8607614252	83.5304798962
-39.7360189212	82.7418936446
-40	82.7730220493
> Shore Bin # 16, Level 1
-20	74.5658045319
-21.0601968414	74.6494239719
-20.6317235065	75.0525673304
-22.4548714427	75.1740291447
-20.5651941711	75.1892881666
-22.5015640497	75.5475700008
-20	75.1859311818
> Shore Bin # 16, Level 1
-24.0024414435	72.4646372168
-22.14633402	72.1457236591
-23.1525139239	72.8311589227
-24.5264362554	72.8390936141
-24.0073243305	72.4646372168
-24.0024414435	72.4646372168
> Shore Bin # 16, Level 1
-20	77.8721293965
-20.8868543526	78.0186160067
-21.9867246509	77.6795605402
-21.8417639429	78.1406881819
-20	78.9530785077
> Shore Bin # 16, Level 1
-22.4005493248	70
-22.1039139391	70.0991836423
-25.2802319371	70.4196231022
-27.1808957046	70
> Shore Bin # 16, Level 1
-20	76.168612192
-21.8365758755	76.2137788968
-22.7350270848	76.7042038605
-20	76.7753109026
> Shore Bin # 16, Level 1
-20	79.797207599
-20.4168764782	79.7621118486
-20.6277561608	80.1124589914
-20	80.168612192
> Shore Bin # 16, Level 1
-27.800717174	70.479438468
-25.2936598764	70.6549172198
-25.7212176699	71.0907148852
-27.800717174	70.479438468
> Shore Bin # 16, Level 1
-20	75.7850003815
-21.8716716258	75.9674982834
-20	76.1432822156
> Shore Bin # 16, Level 1
-20	80.5571068894
-21.2777904936	80.5699244678
-20	80.6340123598
> Shore Bin # 16, Level 1
-20	77.45647364
-21.1020065614	77.5407034409
-20	77.6517891203
> Shore Bin # 17, Level 1
-20	80.6340123598
-14.7850766766	80.8946364538
-12.8728160525	81.7451743343
-16.7745479515	81.9295033188
-18.3981078813	81.4345006485
-20	81.5278858625
> Shore Bin # 17, Level 1
-20	75.1859311818
-19.6032654307	75.1288624399
-19.3517967498	75.7215228504
-20	75.7850003815
> Shore Bin # 17, Level 1
-20	76.7753109026
-18.2818341344	76.8198672465
-18.4051270314	77.3340962844
-20	77.45647364
> Shore Bin # 17, Level 1
-20	74.2893110552
-19.6450751507	74.236209659
-18.9687953002	74.4840161746
-20	74.5658045319
> Shore Bin # 17, Level 1
-20	80.168612192
-16.1074235142	80.5174334325
-20	80.5571068894
> Shore Bin # 17, Level 1
-20	76.1432822156
-19.7851529717	76.1634241245
-20	76.168612192
> Shore Bin # 17, Level 1
-20	77.6517891203
-19.1717402914	77.7351033799
-20	77.8721293965
> Shore Bin # 17, Level 1
-20	78.9530785077
-17.6314946212	79.9974059663
-20	79.797207599
> Shore Bin # 18, Level 1
20	69.7253376059
19.6466010529	69.41466392
19.7201495384	69.8129243915
18.9391927977	69.6243228809
19.549858854	69.2144655528
18.1481651026	69.4653238727
17.6906996262	68.6706340124
16.4559395743	68.5073624781
17.9049362936	68.4145876249
16.285038529	68.3761348898
16.5166704814	67.8170443275
16.0033569848	68.2671854734
15.2776379034	68.0624093996
15.8651102464	67.907988098
14.8497749294	67.8777752346
15.8873884184	67.5790035859
14.310826276	67.2640573739
15.4726482033	67.0998702983
13.4892805371	66.9515526055
13.9906919966	66.7974364843
13.0174715801	66.1782253758
14.170748455	66.3231860838
12.6765850309	66.0714122225
13.2008850233	65.8281834134
12.6692607004	65.9233997101
12.0439459831	65.2141603723
12.9607080186	65.314259556
11.2883192187	64.878767071
12.1699855039	64.9596398871
11.3859769589	64.6874189364
11.8602273594	64.4484626535
11.2184328985	64.3120469978
10.9550621805	64.6077668421
9.50240329595	63.6458381018
10.421606775	63.5695429923
11.3850614176	64.1127641718
10.9608606088	63.4474708171
9.82650492103	63.312886244
9.67513542382	63.6012817578
8.51483939879	63.3821622034
8.69916838331	62.8166628519
7.8825055314	62.9900053407
8.53162432288	62.6686503395
6.98344396124	62.956130312
8.14740215152	62.6948958572
6.25894560159	62.5850308995
7.19829098955	62.0988784619
6.68406195163	62.3399710079
6.55161364157	62.1046768902
5.93087663081	62.2224765393
6.31326771954	62.0595101854
5.098954757	62.1931792172
5.17830167086	61.8953231098
6.84580758373	61.8709086748
5.19172961013	61.882200351
4.99732967117	61.5800717174
5.85580224308	61.4558632792
4.97901884489	61.4216830701
5.67421988251	61.3682764935
5.2317082475	61.1046005951
6.51773861295	61.1973754482
6.75333791104	61.4186312657
7.32829785611	61.1570916304
7.58678568704	61.4937056535
7.71252002747	61.2343022812
7.12321660182	60.8619821469
6.64652475776	61.1754024567
5.02235446708	61.0341039139
5.58907454032	60.871747921
4.94758525978	60.8082703899
5.27656977188	60.5403219654
5.79903868162	60.7341115435
5.16914625772	60.3743038071
5.4416723888	60.1319905394
5.76577401389	60.3907835508
5.54665445945	59.8863202869
7.14091706722	60.4975967041
5.22407873655	59.5259021897
5.64827954528	59.2588693065
6.59739070726	59.5591668574
5.88906691081	59.0840009155
6.64744029908	59.0525673304
6.28580148013	58.8392462043
5.57412069886	59.0324254215
5.66262302586	58.5508506905
7.04844739452	57.980468452
8.21667811093	58.1086442359
9.51827267872	59.1346608682
10.4225223163	59.0632486458
10.753337911	59.9085984588
11.2108033875	58.3509575036
11.7058060578	58.4367132067
11.5681696803	57.9279774166
11.9105821317	58.3418020905
11.702449073	57.7048905165
12.9408712902	56.5833524071
12.4458686198	56.3041123064
12.8123903258	55.3781948577
14.1966887922	55.3821622034
14.6883344778	56.1670862898
15.8483253223	56.0737010758
16.7290760662	57.4442664225
16.4156557565	58.4776073854
16.949111162	58.4776073854
16.1873807889	58.641794461
17.5066758221	58.7821774624
17.6531624323	59.1844052796
17.9232471199	58.8038452735
18.7124437324	59.2784008545
18.0840772107	59.4233615625
19.0908674754	59.7483787289
17.9900816358	60.6044098573
17.1758602274	60.6825360494
17.684290837	63.0049591821
18.1216144045	62.7687495232
20	63.5246814679
> Shore Bin # 18, Level 1
20	54.4959182116
19.3734645609	54.2203402762
19.8782330053	54.6402685588
18.7966735332	54.3436331731
17.9482719158	54.8322270542
14.7316700999	54.0262455177
14.5912870985	53.6017395285
13.0217441062	54.4394598306
10.8882276646	53.9594110018
11.132372015	54.390936141
10.1432822156	54.3204394598
9.42092011902	54.8282597086
9.5591668574	55.7074845502
10.9608606088	56.4417486839
10.124055848	56.711528191
10.6575112535	57.7375448234
8.59662775616	57.1210803388
8.27588311589	54.7525749599
8.61066605631	54.8816662852
9.01411459525	54.4867627985
8.57404440375	54.3015182727
9.82589456016	53.5315480278
8.66834515908	53.8947127489
8.50568398566	53.3691920348
7.95666437781	53.7183184558
7.09300373846	53.5858701457
7.42839703975	53.2224002441
5.87838559548	53.3963530938
5.33424887465	53.0759136339
5.84420538643	52.5842679484
5.25337605859	52.3102159152
4.73334859236	52.9669642176
4.00762951095	51.9632257572
4.64576180667	51.7132829786
3.43053330282	51.5332265202
4.25024795911	51.3522545205
1.583276112	50.8728160525
1.66567483024	50.1834134432
1.3089188983	50
> Shore Bin # 18, Level 1
0	50.7879758907
0.000305180437922	50.7879758907
1.39406424048	51.153276875
1.42671854734	51.3928435187
0.254215304799	51.4657816434
0.932631418326	51.5909056229
1.76577401389	52.4783703365
1.30159456779	52.9336995499
0.0283817807278	52.8970778973
0.000305180437922	52.8876173037
0	52.8873121233
> Shore Bin # 18, Level 1
11.9200427253	54.9988555734
12.6823834592	55.5884641794
12.3100633249	56.1304646372
12.0833142596	55.6513313497
11.7799649042	55.9787899596
10.8659494926	55.745632105
11.9716182193	54.5569542992
11.9215686275	54.9988555734
11.9200427253	54.9988555734
> Shore Bin # 18, Level 1
10.0001525902	55.5393301289
9.97756923781	55.1325246052
10.7457084001	55.0675211719
10.620889601	55.6232547494
10.0032043946	55.5402456703
10.0001525902	55.5393301289
> Shore Bin # 18, Level 1
0	53.763790341
0.000305180437922	53.763790341
0	53.763790341
0.000305180437922	53.763790341
0	53.7653162432
> Shore Bin # 18, Level 1
20	54.9332417792
19.9356069276	54.9164568551
19.8898298619	54.6378271153
20	54.6460669871
> Shore Bin # 18, Level 1
18.1957732509	56.9965667201
19.0148775463	57.9227893492
18.1075761044	57.5367360952
18.1957732509	56.9965667201
> Shore Bin # 18, Level 1
20	69.3215838865
19.9099717708	69.2712291142
20	69.439688716
> Shore Bin # 18, Level 1
0	53.5181200885
0.000305180437922	53.5437552453
0	53.5437552453
> Shore Bin # 19, Level 1
20	63.5246814679
20.6741435874	63.7956816968
21.6189822232	64.4432745861
21.2326237888	65.3334859236
21.7465476463	65.1912718395
21.745632105	65.7515831235
22.3965819791	65.5345998322
22.6398107881	65.9072251469
24.5917448692	65.8437476158
25.5091172656	65.021591516
21.1242847333	62.7998779278
21.7975127794	61.4915693904
21.425803006	60.603494316
22.519874876	60.2128633555
23.0923933776	60.370031281
22.8934157321	59.8088044556
28.6582742046	60.7429617762
28.6231784543	60.3529411765
30.3465323873	59.9504081788
28.098268101	59.7904936294
27.9148546578	59.4029144732
25.6964980545	59.6760509651
23.503166247	59.2304875257
23.7357137407	58.3500419623
24.5859464408	58.3222705425
24.3939879454	57.2401007095
23.6365300984	56.9617761501
22.6099031052	57.7604333562
21.6974135958	57.5666437781
20.9808499275	56.5226215
21.2475776303	54.9506370642
20.5142290379	54.9549095903
21.0833905547	55.7270160983
20.5676356146	55.0818646525
20	54.9332417792
> Shore Bin # 19, Level 1
40	64.5796902419
38.4325932708	64.807660029
38.003509575	64.5806057832
38.3666742962	64.8436713207
36.8490119783	65.1525139239
36.5337605859	64.7148851759
38.0419623102	64.2903791867
37.4175631342	63.7813382162
34.7835507744	64.5122453651
34.244602121	65.3752956435
34.8598458839	65.864805066
32.9768825818	66.2475013352
33.7129777981	66.4126039521
31.8693827726	67.1389333944
39.1116197452	66.101014725
40	66.4962233921
> Shore Bin # 19, Level 1
40	68.0065613794
39.7766079194	68.1496910048
35.306630045	69.2513923857
33.5683222705	69.2996108949
33.0315098802	68.8830395972
33.4990463111	69.4015411612
32.1550316625	69.4122224765
32.1016250858	69.7421225299
33.1306935225	69.7167925536
32.0918593118	69.9411001755
31.2617685206	69.5568780041
30.2983138781	69.8803692683
29.489890898	69.6560616464
28.8679331655	70
> Shore Bin # 19, Level 1
21.868314641	70
22.1182574197	69.7363241016
21.2738231479	70
> Shore Bin # 19, Level 1
23.4900434882	70
23.4680704967	69.9810788128
23.3633936065	70
> Shore Bin # 19, Level 1
20	54.6460669871
20.4126039521	54.6775005722
20	54.4959182116
> Shore Bin # 19, Level 1
20	69.439688716
20.2880903334	69.9786373693
20	69.7253376059
> Shore Bin # 19, Level 1
40	65.6151674678
39.7006179904	65.4656290532
40	65.0917830167
> Shore Bin # 19, Level 1
21.2133974212	70
20	69.3215838865
> Shore Bin # 20, Level 1
60	68.7203784237
59.9450675212	68.7161058976
59.7650110628	68.337987335
59.0032806897	68.9938200961
57.3034256504	68.5320820935
55.3615625238	68.5403219654
54.8500801099	68.1396200504
53.2182803082	68.1863126574
53.6092164492	68.8003356985
54.5659571221	68.9782558938
53.8735027085	68.9596398871
52.3265430686	68.3013656825
52.2166781109	68.5738918135
48.5926604105	67.9131761654
49.071793698	67.6003662165
47.8263523308	67.5771725032
47.5599298085	66.892652781
46.0190737774	66.8163576715
44.9243915465	67.4242771038
46.6935225452	67.8066681926
46.5458152132	68.1249713893
43.2816052491	68.6721599145
44.2206454566	68.269016556
44.1062027924	65.9618524453
42.2110322728	66.5203326467
40.740062562	65.9847409781
40	65.6151674678
> Shore Bin # 20, Level 1
48.9948882277	68.7286182956
50.3175402457	69.1015487907
49.2448310063	69.5053025101
48.2325474937	69.0899519341
48.9900053407	68.728923476
48.9948882277	68.7286182956
> Shore Bin # 20, Level 1
40	66.4962233921
41.3907072557	67.1151293202
40	68.0065613794
> Shore Bin # 20, Level 1
40	65.0917830167
40.4635690852	64.5122453651
40	64.5796902419
> Shore Bin # 20, Level 1
58.711528191	70
60	69.7180132753
> Shore Bin # 21, Level 1
74.094758526	70
73.7642481117	69.15678645
75.9417105364	69.2544441901
77.6516365301	68.8918898299
78.1841763943	68.2449073014
77.4859235523	67.7441062028
78.7841611353	67.4682230869
77.09407187	67.7618066682
76.5847257191	68.9663538567
74.6666666667	68.7661554894
74.7725642786	67.6998550393
72.1333638514	66.1986724651
69.1273365377	66.6124971389
71.7497520409	66.904554818
73.6256961929	68.4234378576
72.5392538338	68.9532310979
72.6875715267	70
> Shore Bin # 21, Level 1
66.7847714961	70
66.8073548486	69.5516899367
68.1016250858	69.5297169451
69.2640573739	68.9376668956
68.2581826505	68.1271076524
65.5292591745	69.1433585107
66.1847867552	69.078049897
60.8447394522	69.8644998856
60.1843289845	69.5651178759
61.1889829862	68.8082703899
60	68.7203784237
> Shore Bin # 21, Level 1
60	69.7180132753
60.0003051804	69.7180132753
60.4489204242	69.935912108
60.2298008698	70
> Shore Bin # 22, Level 1
83.628595407	70
83.621576257	69.7180132753
82.8754100862	70
> Shore Bin # 24, Level 1
140	54.1458762493
139.741512169	54.3002975509
138.652628367	54.289921416
138.579995422	53.9954222934
137.313191424	53.5345998322
137.735866331	54.3207446403
136.783398184	53.7644007019
136.832532235	54.646677348
135.743343252	54.5654993515
135.227283131	54.9100480659
138.227512016	56.4206912337
140	57.5849546044
> Shore Bin # 25, Level 1
140	57.5849546044
142.461585412	59.202105745
145.691615167	59.4261081865
146.046540017	59.1386282139
146.504921035	59.4630350195
148.931715877	59.2304875257
149.433432517	59.7587548638
152.32074464	59.2249942779
151.103379873	59.1062790875
151.341725795	58.8346684977
155.188220035	59.1712825208
154.980086976	59.4929427024
154.129243915	59.4523537041
154.230869001	59.873197528
156.681467918	61.5220874342
160	61.9090562295
> Shore Bin # 25, Level 1
144.019226368	50
143.2059205	51.5173571374
142.706645304	54.4287785153
142.25101091	54.3033493553
142.785687037	53.7058060578
141.767605097	53.3759060044
141.625696193	52.3276112001
142.254062715	51.123369192
142.198519875	50
> Shore Bin # 25, Level 1
160	59.1093308919
158.319981689	57.9771114672
156.850843061	57.7973601892
155.989013504	56.6782635233
155.562676432	55.1758602274
156.673228046	50.8621347372
158.542458228	52.2891584649
158.417334249	52.9987029831
160	53.0872053101
> Shore Bin # 25, Level 1
140.41840238	50
140.437323568	50.7174792096
141.545738918	52.1509117266
140.630807965	53.1457999542
141.203326467	52.9977874418
141.424277104	53.2950331884
140	54.1458762493
> Shore Bin # 25, Level 1
160	61.4998092622
159.772640574	61.2382696269
159.791561761	60.9269855802
160	60.9611657893
> Shore Bin # 25, Level 1
160	53.8944075685
159.984130617	54.1541161212
160	54.1583886473
> Shore Bin # 26, Level 1
160	54.1583886473
162.144197757	54.7483024338
162.087434195	56.0941481651
163.360952163	56.1875333791
162.67582208	57.3365377279
163.319142443	57.7274738689
161.890897993	57.9774166476
163.63744564	59.998626688
164.486762799	60.1011673152
164.83649958	59.7828641184
166.275120165	60.4719615473
166.27847715	59.8112458991
167.011825742	60.4130617227
169.253376059	60.6129549096
170.309910735	59.9272144656
170.549172198	60.4267948425
173.531700618	61.7503624018
177.11482414	62.5462729839
179.148241398	62.2853437095
179.622491798	62.727550164
178.233920806	64.4332036316
178.248264286	64.1670862898
177.508201724	64.7411306935
176.071717403	64.4469367514
176.166628519	64.6956588083
175.142442969	64.7225146868
179.525139239	64.7945372702
180	65.0844586862
> Shore Bin # 26, Level 1
160	60.9611657893
160.440680552	61.0331883726
160.213321126	60.5787747005
162.388342107	61.6621652552
163.329213397	61.660639353
163.26146334	62.5178912032
164.610055695	62.6811627375
165.308613718	62.4690623331
164.149233234	62.2706950484
163.789120317	60.8226138705
161.941557946	60.4179446098
160	59.1093308919
> Shore Bin # 26, Level 1
170.461280232	70
170.162508583	69.5974670024
171.179064622	69.0298313878
170.481727321	68.7637140459
168.321660182	69.2220950637
167.808346685	69.7644007019
166.873273823	69.4619668879
162.346532387	69.6737621118
161.113298238	69.1604486152
160.051270314	70
> Shore Bin # 26, Level 1
180	68.9938200961
176.081788357	69.8837262531
173.223163195	69.7653162432
171.452201114	70
> Shore Bin # 26, Level 1
160	53.0872053101
160.049134051	53.0899519341
160	53.8944075685
> Shore Bin # 26, Level 1
160	61.9090562295
160.396734569	61.9554436561
160	61.4998092622
> Shore Bin # 27, Level 1
-162.382543679	70
-163.951781491	68.98954757
-166.23025864	68.8769359884
-166.847943847	68.3376821546
-164.169375143	67.6263065537
-163.697871366	67.1065842679
-161.653467613	67.0223544671
-161.488364996	66.5258258946
-160.211795224	66.4580758373
-161.583581292	66.4415960937
-162.471351186	66.9524681468
-161.091935607	66.1123064012
-163.761043717	66.061341268
-164.4040589	66.582589456
-168.105287251	65.6850537881
-166.053559167	65.2516975662
-166.960250248	65.1638056001
-166.212252995	64.5787747005
-163.167772946	64.3959716182
-163.134508278	64.652933547
-162.793926909	64.323338674
-161.747158007	64.8455024033
-160.786144808	64.7179369802
-161.535973144	64.4173342489
-160.728770886	63.8707560845
-161.14290074	63.5036240177
-162.31326772	63.5436026551
-163.308155947	63.0037384604
-164.426642252	63.2115663386
-166.12527657	61.493400473
-165.562218662	61.0875104906
-164.783398184	61.139391165
-165.12886244	60.9166094453
-163.418326085	60.7264820325
-164.492256046	60.5543602655
-164.128175784	59.8365758755
-162.19546807	60.1576256962
-161.521019303	59.1044480049
-162.136263066	58.6338597696
-160.339360647	59.0772869459
-160	58.9173723964
> Shore Bin # 27, Level 1
-180	65.0844586862
-179.99969482	65.0844586862
-179.275806821	65.5266651408
-179.381704433	66.3213550011
-178.450904097	66.361638819
-178.445105669	65.4671549554
-176.49500267	65.5370412757
-175.435111009	64.7637140459
-173.653467613	64.3212024109
-173.325093462	64.611123827
-173.14991989	64.239719234
-172.235904479	64.4023804074
-173.210955978	64.7576104372
-172.119325551	65.0490577554
-172.085755703	65.4866865034
-173.009231708	65.7015335317
-171.049973297	65.4671549554
-171.443350881	65.8321507591
-170.565041581	65.6130312047
-169.673914702	66.1364156558
-171.666742962	66.9445334554
-173.629968719	67.1169604028
-174.625772488	67.0516517891
-173.944914931	66.1446555276
-175.256885634	67.6586556802
-179.998474098	68.9929045548
-179.99969482	68.9938200961
-180	68.9938200961
> Shore Bin # 27, Level 1
-160	56.4304570077
-160.33478294	56.2943465324
-160.256656748	55.767910277
-161.803921569	55.8963912413
-163.356679637	54.811169604
-162.973983368	55.0287632563
-162.552529183	54.9573510338
-162.645304036	55.3034256504
-161.962005035	55.1062790875
-161.579613947	55.6208133059
-161.236591135	55.3550011444
-160	55.7911039902
> Shore Bin # 27, Level 1
-169.549401083	62.9915312428
-168.696421759	63.3000686656
-171.744258793	63.7840848402
-171.738460365	63.3635461967
-169.549095903	62.9900053407
-169.549401083	62.9915312428
> Shore Bin # 27, Level 1
-164.001525902	54.6286717021
-163.135423819	54.6802471962
-163.816891737	55.0366979477
-164.949111162	54.5416952773
-164.003356985	54.6286717021
-164.001525902	54.6286717021
> Shore Bin # 27, Level 1
-165.643701839	59.9995422293
-166.149996185	60.4429694057
-167.463797971	60.212558175
-166.192111086	59.7486839094
-165.643396658	59.9992370489
-165.643701839	59.9995422293
> Shore Bin # 28, Level 1
-160	55.7911039902
-159.816891737	55.8558022431
-159.599908446	55.5631342031
-155.614862287	57.7924773022
-154.212558175	58.1342793927
-153.250019074	58.8523689631
-154.165560388	59.01045243
-154.141451133	59.3736171511
-150.581216144	61.3600366217
-149.153276875	61.5028610666
-150.078889143	61.1573968109
-148.969253071	60.8073548486
-150.39047837	61.0399023423
-151.41435874	60.7200732433
-151.866636149	59.7605859464
-150.930037385	59.7914091707
-151.742732891	59.1566338598
-149.740749218	59.6366826886
-149.723353933	59.9540703441
-149.52590219	59.7050431067
-149.426718547	60.1228351263
-148.426337072	59.9488822766
-147.935912108	60.4383916991
-148.714122225	60.7866025788
-147.72106508	61.2767223621
-147.876707103	60.8253604944
-147.519951171	61.1546501869
-147.385061418	60.8711375601
-146.315403983	61.1338979171
-146.73838407	60.9083695735
-146.052948806	60.8247501335
-146.656595712	60.6849774929
-146.045014115	60.7957579919
-145.948577096	60.453650721
-144.8783093	60.4573128862
-144.251773861	60.0245670253
-141.411154345	60.1399252308
-140.314946212	59.6919203479
-140	59.8356603342
> Shore Bin # 28, Level 1
-154.138399329	56.9996185245
-153.738612955	57.139391165
-153.971770809	56.7447928588
-152.648508431	57.3044937819
-152.953383688	57.5214770733
-152.32745861	57.4259555962
-152.32043946	57.8312352178
-153.295796139	57.9990844587
-153.502098116	57.6255436027
-153.852140078	57.8718242161
-153.633630884	57.2742809186
-154.516823072	57.5794613565
-154.79423209	57.2892347601
-154.13931487	56.9999237049
-154.138399329	56.9996185245
> Shore Bin # 28, Level 1
-160	58.9173723964
-158.88517586	58.3918516823
-158.539406424	59.1416800183
-158.188754101	58.6115815976
-156.841687648	59.0357824063
-157.535667964	58.3991760128
-157.40077821	57.4866865034
-160	56.4304570077
> Shore Bin # 28, Level 1
-140	69.5135423819
-142.62027924	70
> Shore Bin # 29, Level 1
-140	59.8356603342
-139.515068284	60.0566109712
-138.885786221	59.8066681926
-139.300221256	59.5613031205
-139.50530251	59.9913023575
-139.862668803	59.5356679637
-136.686655985	58.2102693217
-136.039368276	58.3848325322
-137.047989624	59.0675211719
-136.23682002	58.7513542382
-136.185854887	59.0681315328
-135.920958267	58.3808651865
-135.090867475	58.2407873655
-135.349660487	59.4807354849
-134.782635233	58.3933775845
-134.146944381	58.2020294499
-133.713282979	58.5380331121
-134.05600061	58.0622568093
-133.13588159	57.8641947051
-133.58907454	57.7701991302
-132.893568322	57.4958419165
-133.662623026	57.7140459297
-133.057450217	57.3575951781
-133.572594797	57.1833371481
-131.49095903	56.2366674296
-132.185854887	55.5890745403
-131.030746929	56.1020828565
-130.705119402	55.7557030594
-130.866865034	54.7705806058
-130.138094148	55.3290608072
-129.933012894	55.9488822766
-130.171663996	55.0736247807
-129.660791943	54.978408484
-130.442664225	54.6540016785
-129.987640192	54.3042648966
-130.448462654	54.648813611
-130.489356832	54.3640802625
-129.557640955	54.2209506371
-130.110933089	53.9499504082
-129.315327687	53.3713282979
-128.686045624	53.9975585565
-128.769970245	53.5474174105
-128.121156634	53.49126421
-128.988784619	53.544975967
-127.831845579	52.7362478065
-128.410772869	52.2906843671
-128.019226368	52.524757763
-127.876401923	52.1963836118
-127.004196231	52.6663614862
-127.899290455	51.8191805905
-127.678339818	51.4621194781
-127.245899138	51.681544213
-127.782406348	51.3217364767
-127.060959792	51.3516441596
-127.785763333	51.1624322881
-126.656595712	51.1960021363
-127.530937667	51.0141145953
-126.193331807	50.9478904402
-126.585793851	50.8493171588
-126.222629129	50.6958113985
-125.536583505	50.9961089494
-126.299229419	50.6317235065
-125.706874189	50.4211490043
-125.471580072	50.7211413748
-125.59578851	50.4492256046
-125.117570764	50.4281681544
-124.821545739	50.9292744335
-125.080949111	50.3241016251
-124.339665827	50.5069047074
-124.80842298	50.0106813153
-124.786755169	50
> Shore Bin # 29, Level 1
-132.000610361	52.8802929732
-131.642023346	53.1067368582
-132.329289693	53.2266727703
-131.649042496	54.1779201953
-132.486762799	53.5645075151
-132.177615015	54.0167849241
-133.089799344	54.1834134432
-132.582589456	53.0817120623
-131.04509041	52.1622034028
-132	52.8763256275
-132.000610361	52.8802929732
> Shore Bin # 29, Level 1
-132.425726711	54.9976348516
-132.018310826	54.6912336919
-131.995727474	55.2631418326
-132.742504005	55.3592736706
-132.144045167	55.4709697108
-133.619592584	56.3593499657
-133.406576638	55.6150148775
-132.935988403	55.6275272755
-133.244831006	55.2896925307
-132.427557794	54.9967193103
-132.425726711	54.9976348516
> Shore Bin # 29, Level 1
-134.999923705	57.5486381323
-135.90264744	58.0015259022
-135.070115206	57.7744716564
-134.952620737	58.0399786374
-136.359197375	58.2224765393
-135.844968338	57.3887235828
-135.840085451	57.7711146715
-135.001754788	57.5495536736
-134.999923705	57.5486381323
> Shore Bin # 29, Level 1
-125.056839857	50
-125.445029374	50.3353933013
-128.432440681	50.7855344472
-128.048218509	50.4422064546
-127.419241627	50.6057831693
-127.917601282	50.1141374838
-127.095140002	50.1461814298
-126.913557641	50
> Shore Bin # 29, Level 1
-130.624856947	70
-133.021133745	69.3597314412
-134.205844205	69.2480354009
-134.498512245	69.7088578622
-135.999389639	69.2062256809
-135.295033188	68.6398107881
-140	69.5135423819
> Shore Bin # 29, Level 1
-134.00015259	57.41466392
-134.179293507	58.157473106
-134.958419165	58.410467689
-134.61997406	57.0154879072
-133.998321508	57.4143587396
-134.00015259	57.41466392
> Shore Bin # 29, Level 1
-135.006332494	56.7570000763
-134.670023651	56.1603723201
-135.436636912	57.5620660716
-135.009079118	56.7563897154
-135.006332494	56.7570000763
> Shore Bin # 29, Level 1
-120	69.4503700313
-121.880216678	69.8171969177
-124.374151217	69.3359273671
-124.490730144	70
> Shore Bin # 29, Level 1
-124.011902037	50
-123.851682307	50.1626611734
-123.736324102	50
> Shore Bin # 29, Level 1
-128.028381781	70
-130.880903334	69.3060196841
-129.994354162	70
> Shore Bin # 29, Level 1
-124.737315938	70
-125.464560922	69.311512932
-126.865644312	70
> Shore Bin # 30, Level 1
-100	67.6784924086
-102.216830701	67.659266041
-103.384145876	68.1585412375
-104.99671931	68.1548790723
-106.189059281	68.9468223087
-108.811474784	68.2659647517
-107.559929808	68.1667811093
-105.740749218	68.5952544442
-108.028686961	67.7752346075
-107.043869688	67.1380178531
-107.06645304	66.8184939345
-107.762569619	66.9616235599
-107.206836042	66.3472953384
-108.535896849	67.0623331044
-107.964293889	67.2832837415
-110.036163882	68.0108339055
-111.866025788	67.6681162737
-115.097886625	67.8027008469
-115.248645762	68.1887541009
-113.88876173	68.3981078813
-114.977950713	68.8711375601
-117.069657435	68.8784618906
-120	69.4503700313
> Shore Bin # 30, Level 1
-117.311055161	70
-116.500495918	69.40764477
-113.555504692	68.9999237049
-113.55428397	68.9990081636
-113.188067445	68.4612802319
-109.011367971	68.728923476
-106.594338903	69.4955367361
-105.124589914	68.8958571756
-101.772487984	69.0078583963
-102.291294728	69.5159838254
-103.176012818	69.1036850538
-103.521782254	69.7045853361
-102.575722896	69.5419241627
-101.434653239	69.9353017472
-100.952773327	69.6673533227
-100.971389334	70
> Shore Bin # 31, Level 1
-80	51.1709773404
-80.6286717021	51.2704661631
-80.5685511559	51.7007705806
-82.3306630045	52.9437705043
-82.3263904784	55.1514457923
-85.2085145342	55.2353704128
-90.8030823224	57.3231097887
-92.8117799649	56.9138628214
-92.4281681544	57.3508812085
-93.1767757687	58.7370107576
-94.2015716793	58.7888914321
-94.2568093385	58.4058899825
-94.9687953002	59.0592813001
-94.7573052567	60.5156023499
-93.26131075	61.7347981994
-93.6412603952	61.9530022126
-91.8504615854	62.5722133211
-92.4000915541	62.8395513848
-91.3862821393	62.7806515602
-90.6291294728	63.158159762
-91.7174029145	63.6849011978
-92.4629587243	63.5173571374
-92.2273594263	63.7459372854
-93.9488822766	63.917753872
-93.8075837339	64.2143892576
-90.650186923	63.4453345541
-89.9803158618	64.1622034028
-88.1132219425	64.1454184787
-86.9105058366	65.1409170672
-90.9236285954	65.9258411536
-89.8219272145	65.9923704891
-87.3401998932	65.3203631647
-85.8579385061	66.1593041886
-86.7695124743	66.5398641947
-83.8071259632	66.1437399863
-85.1773861295	66.9100480659
-83.9102769512	66.9167620356
-83.3499656672	66.3451590753
-81.1883726253	67.4544899672
-82.6437781338	68.4383916991
-81.2381170367	68.6401159686
-82.0416571298	68.881513695
-81.3217364767	69.1992065309
-83.2553597314	69.5373464561
-82.5479514763	69.7012283513
-85.5423819333	69.8620584421
-84.7113756008	68.7283131151
-85.6208133059	68.7371633478
-86.5122453651	67.3339436942
-87.4998092622	67.1071946288
-88.2258335241	68.9190508888
-89.3308918898	69.2446784161
-90.2482642863	68.1866178378
-91.4274814984	69.358205539
-90.3492790112	69.459220264
-92.8761730373	69.6908522164
-92.5868619821	70
> Shore Bin # 31, Level 1
-96.1162737469	70
-96.1858548867	69.8623636225
-93.3418783856	69.3774319066
-94.2607766842	69.3218890669
-94.616006714	68.7518120089
-93.8222323949	69.0142671855
-93.4557106889	68.5793850614
-95.4683756771	68.06271458
-95.3038834211	67.1663996338
-96.4461738003	67.4657816434
-95.882200351	68.301060502
-96.6677347982	68.006256199
-96.3677424277	68.32059205
-97.3037308309	68.5070572976
-98.6810101472	68.3987182422
-98.0672922866	67.9168383307
-97.2063782712	67.9501029984
-97.3113603418	67.5201037613
-98.5638208591	68.1057450217
-98.886396582	67.6882581827
-100	67.6784924086
> Shore Bin # 31, Level 1
-81.0000762951	63.4373998627
-80.1355001144	63.7752346075
-80.9210345617	64.1225299458
-81.9879453727	63.9787899596
-81.8252841993	64.5485618372
-84.5090409705	65.4790569924
-84.9103532464	65.2144655528
-85.5948729686	65.9133287556
-86.1786831464	64.0886549172
-87.1650263218	63.5753414206
-85.6797131304	63.7132829786
-85.2109559777	63.1068894484
-83.004196231	64.1814297704
-82.4942397192	63.657129778
-81.0080109865	63.43556878
-81.0000762951	63.4373998627
> Shore Bin # 31, Level 1
-99.0060273136	68.9172198062
-96.5420004578	68.4515144579
-95.1555657282	68.8705271992
-97.9592584115	69.9041733425
-99.0102998398	68.9169146258
-99.0060273136	68.9172198062
> Shore Bin # 31, Level 1
-83.0017547875	62.8545052262
-83.9520866712	62.4650949874
-83.7228961624	62.1364156558
-81.866178378	62.9140154116
-82.9999237049	62.8554207675
-83.0017547875	62.8545052262
> Shore Bin # 31, Level 1
-82.0376897841	52.9999237049
-80.6948958572	52.6852826734
-81.1190966659	53.1952391852
-82.0386053254	52.9999237049
-82.0376897841	52.9999237049
> Shore Bin # 31, Level 1
-85.5387197681	70
-81.7611963073	69.8742656596
-82.1234454871	70
> Shore Bin # 31, Level 1
-80	61.7351033799
-80.0024414435	61.7311360342
-80	61.7283894102
> Shore Bin # 31, Level 1
-81.9180590524	70
-80.9329365988	69.7210650797
-81.4554055085	70
> Shore Bin # 31, Level 1
-80.0695811398	70
-80	69.9938963912
> Shore Bin # 32, Level 1
-77.9833676661	70
-77.6272220951	69.7485313191
-76.9933623255	69.9887083238
-77.1889829862	69.6420233463
-76.1956206607	69.6725413901
-75.5883115892	69.2358281834
-76.646677348	68.6950484474
-75.4723430228	69.0270847639
-74.2308690013	68.5192645151
-73.6607919432	68.664835584
-72.152590219	67.2704661631
-73.0046540017	66.7788204776
-72.051575494	66.6701762417
-73.0714885176	66.7208361944
-74.4579232471	66.1651026169
-73.4715800717	65.4476234073
-75.8028534371	65.2339971008
-77.3763637751	65.4714274815
-78.0300602731	64.4274052033
-74.4606698711	64.3837644007
-74.6068513008	64.9022659648
-73.5768673228	64.3138780804
-73.283588922	64.6605630579
-72.6396581979	63.8451209277
-71.2001220722	63.5942626078
-72.1208514534	63.4422827497
-71.641107805	63.133134966
-65.9983215076	61.9536125734
-65.9992370489	61.9548332952
-68.983291371	63.7560082399
-67.6884107729	63.3690394446
-67.9151598383	63.7694361791
-64.897535668	62.6317235065
-65.3159380484	63.8051422904
-64.5166704814	63.2420843824
-64.6124971389	63.9766536965
-65.6714732586	64.3031967651
-65.0400549325	64.4307621881
-65.6867322805	64.8485542077
-66.3144884413	64.6102082856
-66.6767376211	65.0417334249
-66.7307545586	64.7206836042
-67.3160906386	65.6652170596
-68.2359044785	65.4274814984
-68.3674372473	66.0726329442
-67.1326771954	66.0183108263
-67.9398794537	66.6335545892
-66.7374685283	66.597238117
-65.9851987488	66.1071183337
-65.4810406653	66.3857480735
-65.8747234302	65.9441519799
-64.3582818341	66.3555352102
-65.5014877546	65.7405966278
-63.5367360952	64.8763256275
-63.5291065843	65.9301136797
-62.6767376211	65.5745784695
-62.9492637522	66.1467917906
-61.9491874571	66
-62.8958571756	66.3341725795
-61.5432974746	66.3186083772
-62.1976043336	66.6149385824
-61.2924391547	66.6674296178
-62.0267032883	67.0528725109
-62.7335011826	66.6561379416
-62.841840238	66.9680323491
-63.8098725872	66.8044556344
-63.1183337148	67.3321126116
-63.813229572	66.9002822919
-63.5001144427	67.2353704128
-64.7202258335	67.0080109865
-63.9575799191	67.2664988174
-64.7949950408	67.3687342641
-63.9508659495	67.3424887465
-64.5300984207	67.8103303578
-65.2301823453	67.6421759365
-64.7217517357	67.9778744182
-65.3427939269	67.5887693599
-65.8036163882	67.9729915312
-66.0328068971	67.5967040513
-65.9403372244	68.0328068971
-66.3743038071	67.7682154574
-66.3144884413	68.1246662089
-66.7478446632	67.932402533
-67.0191500725	68.3309681849
-67.8828107118	68.2693217365
-66.6739909972	68.4469367514
-69.4081025406	68.8152895399
-67.7756923781	68.785381857
-68.1998931868	69.1515983825
-69.0119783322	68.9773403525
-68.0839246204	69.223010605
-69.0400549325	69.3579003586
-66.7011520562	69.1708247501
-67.2309452964	69.4674601358
-70.0621042191	69.5425345235
-67.2056153201	69.7180132753
-67.2590218967	69.9725337606
-67.3307392996	70
> Shore Bin # 32, Level 1
-60	55.2512397955
-60.6958113985	54.9866483558
-60.3225757229	55.7773708705
-60.6698710613	55.5487907225
-60.595101854	55.8121614405
-61.7532616159	55.964446479
-61.3208209354	56.2241550317
-62.0267032883	56.2262912947
-61.5808346685	56.2824444953
-62.2241550317	56.4716563668
-61.6507209888	56.5391012436
-62.5391012436	56.7557793545
-61.671778439	56.6187533379
-61.3626306554	57.1000228885
-62.5326924544	57.4891279469
-61.8924238956	57.6325627527
-62.6791790646	57.9291981384
-62.4499885557	58.1730373083
-63.3557640955	57.9691767758
-62.5577172503	58.4800488289
-63.6075379568	58.2917524987
-62.8525215534	58.7006942855
-63.1381704433	59.0547035935
-64.0509651331	59.0193026627
-63.3575951781	59.1975280385
-64.6991683833	60.0248722057
-64.3674372473	60.2467383841
-64.8484016175	60.3727779049
-65.536583505	59.745632105
-65.0138094148	59.3833829252
-65.747768368	59.2704661631
-65.3153276875	59.0458533608
-66.0865186542	58.8184939345
-65.9708552682	58.2725261311
-66.3770504311	58.8548104067
-67.6746776532	58.0152590219
-68.0076295109	58.5847257191
-68.6848249027	58.0024414435
-68.3485160601	58.7815671015
-70.2555886168	58.7772945754
-69.8463416495	59.0598916609
-69.5460440986	58.809033341
-69.2381170367	59.3229571984
-69.7611963073	59.3214312963
-69.7175555047	59.966582742
-70.8747997253	60.0459296559
-69.617456321	60.0715648127
-69.5042343786	61.0676737621
-69.8973067826	60.7994201572
-71.6197451743	61.1534294652
-71.5544365606	61.6173037308
-72.2706950484	61.5742732891
-73.6946669718	62.4821850919
-74.5320820935	62.1068131533
-77.4279392691	62.5819790951
-78.1945525292	62.2548256657
-77.4834821088	61.53307393
-78.2265964752	60.7838559548
-77.509422446	60.8403143359
-77.1956969558	60.0437933928
-78.6007476921	58.6775005722
-77.0019073777	58.0210574502
-76.5255207141	56.3758297093
-77.6314946212	55.2780956741
-79.7613488975	54.6344701305
-79.0319676509	54.1696803235
-78.4060425727	52.2330052644
-79.0457007706	51.7630273899
-78.8595407034	51.1725032425
-79.3112077516	51.6638437476
-79.7576867323	51.1325246052
-80	51.1709773404
> Shore Bin # 32, Level 1
-75.1119249256	67.9885557336
-76.6729228656	68.254367895
-76.9890897993	67.2457465476
-75.3810940719	67.3528648814
-75.1204699779	67.9821469444
-75.1119249256	67.9885557336
> Shore Bin # 32, Level 1
-80	61.7283894102
-79.9996948196	61.7277790494
-79.3072404059	62.0201419089
-79.6014343481	62.420233463
-80	61.7351033799
> Shore Bin # 32, Level 1
-60	53.5410086213
-60.7724116884	53.2458991379
-60	53.5629816129
> Shore Bin # 32, Level 1
-66.7161058976	50
-66.4567025254	50.2679484245
-60	50.2630655375
> Shore Bin # 32, Level 1
-80	69.9938963912
-78.7945372702	69.8879987793
-78.9803921569	70
> Shore Bin # 32, Level 1
-69.0110627909	70
-70.0233463035	69.6212710765
-69.1526665141	70
> Shore Bin # 33, Level 1
-50.301060502	70
-51.1543450065	69.2059205005
-49.9723811704	69.1799801633
-50.3715571832	68.8952468147
-51.1042954147	69.1357289998
-50.659952697	68.5061417563
-52.2499427787	68.6477454795
-53.472495613	68.3099107347
-50.8018616007	68.5037003128
-51.4409094377	68.1866178378
-50.3309681849	67.9208056764
-53.3333333333	68.1887541009
-52.0677500572	67.9540703441
-53.2066834516	68.0321965362
-53.6885633631	67.4795147631
-51.6099794003	67.9769588769
-52.2679484245	67.7978179599
-50.2558937972	67.8509193561
-53.8075837339	67.4074921798
-51.4525062943	67.3382162203
-53.8826581216	67.1557183185
-52.2325474937	66.8407721065
-53.4932478828	66.6454566262
-52.4174868391	66.5233844511
-53.5951781491	66.5197222858
-53.0778973068	66.3332570382
-53.6824597543	66.1083390555
-50.9617761501	66.96864271
-50.3474479286	66.8398565652
-53.4807354849	66.0289921416
-51.7576867323	66.0732433051
-53.2042420081	65.7524986648
-52.4901197833	65.3780422675
-51.2349126421	65.8147554742
-50.4643320363	65.6725413901
-52.5758754864	65.3090714885
-51.970702678	65.3124284733
-52.2099641413	64.7969787137
-51.2657358663	64.9932097353
-52.1675440604	64.6834515908
-52.0015259022	64.1878385595
-50.6526283665	64.7350270848
-50.9968719005	65.2178225376
-49.6476691844	64.3382925154
-50.8900587472	64.6138704509
-50.2058442054	64.4359502556
-51.7573815518	64.1692225528
-50.0959792477	64.126802472
-51.6050965133	64.0321965362
-50.9074540322	63.9217212177
-51.552605478	63.6684214542
-50.5058365759	63.6534676127
-51.242542153	63.430685893
-50.1640344854	63.3775844968
-51.1091783017	63.3318074311
-50.0541695277	63.216754406
-50.3633173114	62.772106508
-49.6958876936	63.0498207065
-50.3175402457	62.4867627985
-49.2793163958	62.2648966201
-49.7148088808	61.9621576257
-48.8374151217	62.0708018616
-49.4975204089	61.8040741588
-48.838330663	61.9838254368
-49.1908140688	61.6966506447
-48.6076142519	61.6316472114
-49.2726024262	61.5324635691
-48.2658121614	61.5275806821
-49.089188983	61.3850614176
-47.9200427253	61.3179217212
-47.65850309	60.802777142
-45.211871519	61.1952391852
-46.2357518883	60.7374685283
-45.3968108644	61.0005340658
-45.9891660945	60.5650415808
-45.2152285039	60.7637140459
-45.2066834516	60.3938353552
-44.6283665217	60.7103074693
-45.1758602274	60.1292439155
-44.4684519722	60.5387960632
-44.6991683833	59.9949645228
-44.1132219425	60.3529411765
-43.1390859846	60.0715648127
-44.2194247349	60.5525291829
-42.871747921	60.5461203937
-43.5291065843	60.8116273747
-42.7042038605	61.055771725
-43.6292057679	61.1241321431
-42.6382848859	61.0853742275
-43.2507820249	61.3267719539
-42.40421149	61.4882124056
-43.0807965209	61.5898374914
-42.2327000839	61.697566186
-42.8741893645	61.7607385367
-42.1109330892	61.9990844587
-42.9977874418	62.5133134966
-42.1475547417	62.378423743
-43.1558709087	62.7458609903
-41.7816433967	62.8194094759
-42.1133745327	63.2478828107
-41.3107499809	63.0540932326
-41.9293507286	63.4642557412
-41.1401541161	63.2936598764
-41.6009765774	63.4840924697
-40.7458609903	63.578393225
-41.5115587091	63.8570229648
-40.5093461509	63.6849011978
-40.5859464408	64.1066605631
-41.5692378119	64.2507057298
-40.3457694362	64.3431754025
-41.1334401465	65.1354238193
-40.2185091936	64.9837491417
-40	65.4238193332
> Shore Bin # 33, Level 1
-60	50.2630655375
-59.9050888838	50.2630655375
-58.6901655604	51.26131075
-56.9582665751	51.423666743
-55.6923781186	52.0883497368
-56.25085832	52.4499885557
-55.6276798657	52.4448004883
-56.540779736	52.6031891356
-55.7659266041	52.5934233616
-56.1940947585	52.8314641032
-55.8010223545	53.3350118257
-56.4834058137	53.7888151369
-57.3717860685	53.4253452354
-57.1276417182	53.9398794537
-58.1750209812	54.2380407416
-60	53.5410086213
> Shore Bin # 33, Level 1
-60	53.5629816129
-58.3810177768	54.2273594263
-59.5934996567	54.0372320134
-57.3342488746	54.5807583734
-58.1890592813	54.7483024338
-57.9433890288	54.9304951553
-58.9733730068	54.8270389868
-59.0283054856	55.1544975967
-59.404898146	54.96864271
-59.1967650874	55.2396429389
-59.9349965667	54.7446402686
-59.4158846418	55.1584649424
-59.987487602	55.1074998093
-59.7784390021	55.3354695964
-60	55.2512397955
> Shore Bin # 33, Level 1
-54.8195620661	70
-54.8116273747	69.6029602502
-53.3476768139	69.5800717174
-53.8515297169	69.2611581598
-52.0042725261	69.5516899367
-52	69.5538261997
-52.8938735027	70
> Shore Bin # 33, Level 1
-56.5349813077	50
-55.7308308537	51.0934615091
-56.0842298009	51.3632410163
-55.4943160143	51.3723964294
-55.901731899	51.6311894408
-57.4108491646	50.7025253681
-57.5768673228	50
> Shore Bin # 33, Level 1
-56.1931792172	50
-56.1599145495	50.1562523842
-56.3411917296	50
> Shore Bin # 34, Level 1
-40	65.4238193332
-39.9301136797	65.5645075151
-38.1933318074	65.6145571069
-37.8716716258	66.4177920195
-37.1557183185	66.3082322423
-37.8060578317	65.8657206073
-37.199969482	65.7427328908
-37.2552071412	66.0985732815
-36.9967193103	65.8544289311
-35.5858701457	66.1165789273
-35.8867780575	66.4428168154
-34.7899595636	66.3195239185
-33.234149691	67.6824597543
-32.0506599527	67.9357595178
-32.5917448692	68.6446936751
-31.6267643244	68.0804150454
-30.075226978	68.1371786069
-29.9919127184	68.4347295338
-29.4218356603	68.2171358816
-26.3868162051	68.6678873884
-22.4005493248	70
> Shore Bin # 34, Level 1
-20	65.9346913863
-20.4211490043	66.0888075074
-21.0867475395	65.1580071717
-21.322652018	66.0082398718
-23.1366445411	66.4321355001
-22.4325932708	65.8333714809
-23.4702067597	66.1986724651
-23.2574959945	65.6783398184
-24.0967421988	65.8071259632
-23.7726405737	65.5342946517
-24.5276569772	65.5025558862
-21.6809338521	65.4558632792
-22.6041046769	65.1866941329
-21.8017853056	65.0261692226
-24.0457770657	64.8882276646
-21.3559166857	64.387426566
-22.7042038605	63.8008697642
-21.0531776913	63.9412527657
-20	63.6910048066
> Shore Bin # 34, Level 1
-27.1808957046	70
-27.4015411612	69.9511711299
-27.7784390021	70
> Shore Bin # 35, Level 1
0	53.7653162432
-0.0775158312353	54.1199359121
-1.21248187991	54.5807583734
-2.13748378729	55.9159227893
-3.84924086366	56.1173418784
-2.59586480507	56.2674906538
-3.37743190661	56.3807125963
-2.53910124361	56.566567483
-1.81918059052	57.6108949416
-4.43823910887	57.4860761425
-3.0225070573	58.6433203632
-5.00343327993	58.6280613413
-5.0724040589	57.8190280003
-5.81429770352	57.855039292
-5.38765545129	57.1082627604
-6.22903791867	56.7258716716
-5.0040436408	56.7124437324
-5.80575265126	55.3025101091
-5.31593804837	55.8515297169
-4.75165941863	56.2070649271
-4.42755779355	55.9034103914
-4.88410772869	55.9424734874
-5.14595254444	54.8548104067
-4.85664148928	54.6311131456
-4.85664148928	54.8688487068
-3.05241474022	54.9823758297
-3.64263370718	54.5084306096
-3.15159838254	54.061341268
-2.79942015717	54.2398718242
-3.10765239948	53.5458915084
-2.68101014725	53.3548485542
-4.19928282597	53.2123292897
-4.76905470359	52.795147631
-4.05828946365	52.9230182345
-3.93743801022	52.5534447242
-5.32082093538	51.8606851301
-3.40337224384	51.3803311208
-2.34744792859	51.7975127794
-3.05668726635	51.1770809491
-4.23102159152	51.1865415427
-5.7160296025	50.0616464485
-3.64324406806	50.218814374
-3.47661554894	50.6869611658
-0.00488288700693	50.7879758907
0	50.7879758907
> Shore Bin # 35, Level 1
-8	51.8588540475
-6.31418326085	52.2409399557
-6.3990234226	54.0134279393
-5.43099107347	54.4840161746
-6.14175631342	55.2277409018
-7.31517509728	55.0061799039
-6.92240787366	55.2365911345
-7.38841840238	55.3812466621
-7.63012130922	54.9619287404
-7.98504615854	55.2262149996
-8.81086442359	54.6991683833
-8.11596856641	54.6491187915
-8.51850156405	54.2111848631
-10.114290074	54.2407873655
-9.55092698558	53.800717174
-10.1841763943	53.4082551308
-8.87922484169	53.208361944
-9.94094758526	52.5574120699
-8.69764248112	52.6532387274
-10.3633173114	52.2354467079
-9.75906004425	52.1567101549
-10.40421149	51.8432898451
-9.55580987259	51.8823529412
-10.1643396658	51.6116578927
-9.45845731289	51.7294575418
-9.77492942702	51.4447241932
-8.00152590219	51.8579385061
-8	51.8588540475
> Shore Bin # 35, Level 1
-20	63.6910048066
-18.7335011826	63.3904020752
-16.9991607538	63.7932402533
-17.0000762951	63.7938506142
-14.9584191653	64.2403295949
-13.6809338521	64.9141680018
-14.2323949035	65.0350194553
-13.4908064393	65.0774395361
-15.1842526894	66.1068131533
-14.5268940261	66.3805600061
-15.3981841764	66.159609369
-16.1934843977	66.5404745556
-16.5749599451	66.08361944
-18.2699320974	66.177004654
-18.0517280842	65.6478217746
-18.7866025788	66.1953154803
-19.4052033265	65.717097734
-20	65.9346913863
> Shore Bin # 35, Level 1
0	53.5437552453
-0.224307621881	53.650873579
-0.780956740673	53.6957351034
0	53.763790341
> Shore Bin # 35, Level 1
0	52.8873121233
-0.00762951094833	52.8848706798
0	53.5181200885
> Shore Bin # 36, Level 1
12.2256360439	45
12.142824445	45.3865873198
13.5439078355	45.7946135653
13.8230963855	45
14.19294074	45
14.5592431525	45.2962539101
14.7894946585	45
> Shore Bin # 36, Level 1
> Shore Bin # 36, Level 1
> Shore Bin # 36, Level 1
> Shore Bin # 36, Level 1
> Shore Bin # 36, Level 1
> Shore Bin # 36, Level 1
> Shore Bin # 36, Level 1
1.3089188983	50
0	49.3279926757
0.000305180437922	49.3279926757
0	49.3279926757
> Shore Bin # 37, Level 1
29.612069695	45
29.6311894408	45.8242160678
29.7422751202	45.6020447089
30.1310749981	45.9023422599
29.7209124895	45.5828183413
30.4771496147	46.0732433051
30.1408407721	46.3820859083
30.4798962387	46.0778210117
30.7591363394	46.5496299687
31.9890135042	46.8896009766
32.4461738003	46.4882887007
31.5092698558	46.5795376516
32.0277714199	46.4382391089
31.7875944152	46.2670328832
33.5973144121	46.1538109407
33.6867322805	45.83276112
32.4803540093	45.3865873198
33.2033264668	45.4421301595
33.2949418393	45
35.6335565018	45
36.6463721675	45.3740749218
35.4650186923	45.3011367971
34.8149843595	46.1461814298
35.4637979706	45.2825207904
34.9733730068	45.3612573434
34.4655527581	45.9148546578
35.1857785916	46.5279621576
34.9907682918	46.0769054704
35.9209582666	46.6555275807
39.2623788815	47.2622262913
38.5934233616	46.6619363699
37.696192874	46.7025253681
38.5900663767	46.0372320134
38.2748149844	46.2587930114
37.5326161593	45.3795681697
36.6002899214	45.1934081025
36.981022606	45
> Shore Bin # 37, Level 1
> Shore Bin # 37, Level 1
> Shore Bin # 37, Level 1
> Shore Bin # 37, Level 1
> Shore Bin # 37, Level 1
> Shore Bin # 38, Level 1
> Shore Bin # 38, Level 1
> Shore Bin # 41, Level 1
> Shore Bin # 41, Level 1
> Shore Bin # 42, Level 1
136.762872781	45
138.105745022	46.236209659
140	48.5046158541
> Shore Bin # 42, Level 1
> Shore Bin # 42, Level 1
> Shore Bin # 42, Level 1
> Shore Bin # 42, Level 1
> Shore Bin # 42, Level 1
> Shore Bin # 42, Level 1
> Shore Bin # 42, Level 1
> Shore Bin # 42, Level 1
> Shore Bin # 43, Level 1
142.58221291	45
141.913176165	45.5187304494
141.795980707	45
> Shore Bin # 43, Level 1
> Shore Bin # 43, Level 1
142.198519875	50
141.998626688	45.9700923171
142.00015259	45.9688715953
142.511635004	46.7220569162
143.376516365	46.5468833448
143.4149691	46.0219729915
143.61638819	46.3717097734
142.52964065	47.7807278553
142.990157931	49.1354238193
144.044251164	49.2553597314
144.746166171	48.6440833143
144.019226368	50
> Shore Bin # 43, Level 1
147.945641202	45
148.885633631	45.5211718929
147.909056229	45.432059205
147.497610536	45
147.945641202	45
> Shore Bin # 43, Level 1
> Shore Bin # 43, Level 1
140	48.5046158541
140.391241321	48.9733730068
140.41840238	50
> Shore Bin # 43, Level 1
> Shore Bin # 47, Level 1
-123.736324102	50
-123.52635996	49.7042801556
-123.969481956	49.5123216602
-123.17082475	49.6929884794
-123.161364157	49.0176241703
-122.491493095	48.7524223697
-122.200961318	47.5066758221
-122.907759213	47.0464637217
-122.4945449	47.5115587091
-122.60593576	47.942168307
-123.158617533	47.3534752422
-122.756694896	48.1454184787
-124.731212329	48.3816281376
-124.17395285	46.9274433509
-123.806210422	46.9716945144
-124.088197147	46.2706950484
-123.431448844	46.2441443503
-124.023498894	46.2298008698
-124.221196855	45
> Shore Bin # 47, Level 1
-126.913557641	50
-125.672083619	48.9999237049
-125.67269398	48.9996185245
-124.826733806	49.2553597314
-125.101701381	48.7203784237
-123.265430686	48.4524299992
-125.056839857	50
> Shore Bin # 47, Level 1
-124.786755169	50
-124.265812161	49.7421225299
-124.011902037	50
> Shore Bin # 48, Level 1
> Shore Bin # 48, Level 1
> Shore Bin # 49, Level 1
> Shore Bin # 49, Level 1
> Shore Bin # 49, Level 1
> Shore Bin # 50, Level 1
-67.0554955174	45
-67.1873044938	45.2263675898
-66.4582284276	45.0588235294
-64.3381399252	45.8806744488
-64.9436179141	45.3301289387
-63.3771267262	45.360952163
-64.1034561685	45.0023651484
-64.4956130312	45.3368429084
-65.1451334973	45
-62.2764431481	45
-61.3113603418	45.1906614786
-60.9604028382	45.3224994278
-61.9092088197	45.8828107118
-63.2813000687	45.7079423209
-64.7092393378	46.3146410315
-64.7968261234	47.074540322
-65.418783856	47.0702677958
-64.8056763561	47.8051422904
-65.6696421759	47.6012817578
-65.8307774472	47.910124361
-66.7954528115	47.9870298314
-65.2433051041	48.011139086
-64.3167772946	48.4179446098
-64.6033417258	49.1113145647
-66.1716639963	49.2071412222
-68.1840238041	48.635538262
-71.1934081025	46.8130006867
-69.9061570153	47.7691309987
-69.9891660945	48.2574196994
-67.3768215457	49.3179217212
-66.7161058976	50
> Shore Bin # 50, Level 1
-60	46.1171892882
-60.2914473182	46.3424124514
-60.7891966125	45.7262531472
-61.1636530098	45.7106889448
-60.4150453956	46.2932784009
-60.413214313	47.0391393912
-61.5545891508	46.0399786374
-61.2924391547	45.5480277714
-60	45.9465934234
> Shore Bin # 50, Level 1
-62.8925001907	45.9969481956
-61.9726863508	46.4534981308
-63.9584954604	46.4699778744
-64	47.0583657588
-64.3875791562	46.6152437629
-62.8955519951	46
-62.8925001907	45.9969481956
> Shore Bin # 50, Level 1
-61.9998474098	49.0762188144
-61.8332188907	49.3145647364
-62.6990157931	49.6603341726
-64.521248188	49.8815899901
-62.0016784924	49.0753032731
-61.9998474098	49.0762188144
> Shore Bin # 50, Level 1
> Shore Bin # 51, Level 1
-57.5768673228	50
-57.7053482872	49.4558632792
-58.2372777905	49.3933012894
-57.8930342565	48.9556725414
-58.4075684749	49.1302357519
-59.2703135729	48.4664682994
-58.2745098039	48.5131609064
-59.4122224765	47.8963912413
-59.1674677653	47.5646601053
-58.3172350652	47.7889677272
-56.8566414893	47.5274280919
-55.7903410391	47.964446479
-56.1312275883	47.4642557412
-54.7038986801	47.671778439
-55.9911497673	46.9533836881
-55.2016479744	46.9982452125
-55.2016479744	46.9988555734
-54.0852979324	47.8789959564
-53.7938506142	47.4389257649
-54.2003509575	46.8212405585
-53.5530632486	47.2185854887
-53.625085832	46.6411841001
-53.1615167468	46.6256198978
-52.6216525521	47.5243762875
-52.7937743191	47.8100251774
-53.2826733806	47.5472648203
-52.9207293812	48.1728847181
-53.5597772183	47.51918822
-53.9427786679	47.8558022431
-53.6122682536	48.0541695277
-53.9635309377	48.2330052644
-53.0028229191	48.5467307546
-54.1988250553	48.3849851225
-53.5042343786	49.2837415122
-54.4985122454	49.2562752728
-54.4792858778	49.5703059434
-55.3957427329	49.0420386053
-55.1595330739	49.544975967
-56.1409933623	49.4311436637
-55.4747844663	49.9673456931
-56.2090486	49.9255359731
-56.1931792172	50
> Shore Bin # 51, Level 1
-60	45.9465934234
-59.8461890593	45.9942015717
-59.8461890593	45.9984740978
-60	46.1171892882
> Shore Bin # 51, Level 1
-56.3411917296	50
-56.8712901503	49.5425345235
-56.5349813077	50
> Shore Bin # 53, Level 1
0	49.3279926757
-1.94003204395	49.7277790494
-1.35744258793	48.6337071794
-2.68680857557	48.4960708019
-3.07652399481	48.883649958
-4.78004119936	48.5067521172
-4.15747310597	48.2500953689
-4.63324940871	48.2833600366
-4.37659266041	47.7962920577
-2.38986800946	47.5063706416
-1.81246662089	46.4928664073
-1.1013962005	46.3167772946
-1.2381170367	45.6923781186
-1.09590295262	45.5596246281
-1.22969310306	45
> Shore Bin # 53, Level 1
> Shore Bin # 53, Level 1
