2130 1372
1 416245.250224 4109133.972860
2 416538.794351 4109438.831502
3 416719.436891 4109732.399083
4 416742.017208 4109890.473934
5 416762.630200 4110080.430000
6 416572.664827 4110455.026974
7 416572.664827 4110692.139251
8 416493.633716 4110917.960467
9 416459.763240 4111087.326379
10 416482.343557 4111301.856535
11 416567.693200 4111449.272000
12 416570.594500 4111742.264000
13 416493.633716 4111922.864879
14 416497.929300 4112296.297000
15 416343.579900 4112493.103000
16 416346.166100 4112753.480000
17 416268.996600 4112851.884000
18 416271.584200 4113112.150000
19 416342.258069 4113219.313961
20 416472.470659 4113298.856581
21 416523.108888 4113378.399201
22 416552.045019 4113515.790998
23 416631.619380 4113624.258207
24 416653.321478 4113805.036889
25 416624.385347 4113891.810656
26 416573.747117 4114029.202453
27 416552.045019 4114115.976220
28 416517.290200 4114248.959000
29 416508.640823 4114354.604080
30 416479.704691 4114578.769645
31 416522.777300 4114802.219000
32 416537.576954 4115012.638480
33 416588.215183 4115272.959781
34 416607.993800 4115517.456000
35 416653.321478 4115858.682709
36 416732.895838 4116140.697451
37 417036.725215 4116314.244986
38 417159.703772 4116386.556458
39 417217.576034 4116523.948256
40 417269.887900 4116617.552000
41 417271.808300 4116812.808000
42 417194.816302 4116953.261836
43 417161.483868 4117053.263081
44 417061.486568 4117086.596830
45 416650.386557 4117475.490562
46 416681.378100 4117664.867000
47 416739.273046 4117831.050546
48 416772.605479 4118053.275536
49 416828.159535 4118242.166777
50 416872.602779 4118508.836765
51 416928.156835 4118642.171759
52 417028.154135 4118675.505508
53 417108.209300 4118702.154000
54 417186.294100 4118701.384000
55 417305.924413 4118642.171759
56 417471.996000 4118633.556000
57 417617.027124 4118575.504262
58 417783.382400 4118532.867000
59 417862.103800 4118597.116000
60 417950.351457 4118697.728007
61 417994.794702 4118775.506753
62 417968.729500 4118856.478000
63 417939.240646 4118953.286745
64 417892.236200 4119019.991000
65 417893.189900 4119117.619000
66 417816.063800 4119216.011000
67 417817.018500 4119313.639000
68 417772.578479 4119419.959224
69 417794.800102 4119597.739216
70 417828.132535 4119831.075455
71 417828.132535 4119964.410449
72 417872.575779 4120097.745443
73 417904.001100 4120224.148000
74 417983.024600 4120321.014000
75 418005.905513 4120419.971679
76 418062.998600 4120515.509000
77 418064.586000 4120678.260000
78 417987.472900 4120776.650000
79 417988.426100 4120874.279000
80 417937.078500 4120939.909000
81 417817.021724 4120997.756652
82 417730.472900 4121104.697000
83 417594.805502 4121142.202896
84 417505.919013 4121186.647894
85 417272.591979 4121208.870393
86 417172.594679 4121264.426640
87 417083.708190 4121308.871638
88 417050.375757 4121419.984133
89 417072.597379 4121542.207878
90 417117.040624 4121675.542872
91 417150.373057 4121808.877866
92 417228.148735 4121908.879111
93 417272.591979 4122042.214105
94 417317.035224 4122331.106592
95 417328.180000 4122540.710000
96 417417.032524 4122608.887829
97 417694.802802 4122586.665330
98 417953.297200 4122599.707000
99 418084.588600 4122728.572000
100 418094.792002 4122886.669067
101 418117.013624 4123097.782807
102 418139.235246 4123286.674049
103 418139.235246 4123475.565290
104 418094.434400 4123737.477000
105 417972.573080 4123842.236524
106 417828.132535 4123942.237769
107 417707.118800 4124034.292000
108 417708.713900 4124196.933000
109 417805.910913 4124308.909002
110 417911.466185 4124381.132124
111 418050.348757 4124420.021497
112 418205.207000 4124419.975000
113 418255.901329 4124525.578368
114 418233.407700 4124647.486000
115 418144.793218 4124770.025857
116 418033.685107 4124792.248356
117 417949.180400 4124845.538000
118 417944.798618 4125025.584595
119 418044.795918 4125170.030838
120 418089.239162 4125303.365832
121 418059.317300 4125462.912000
122 417981.295600 4125463.675000
123 417944.798618 4125558.924571
124 417957.458400 4125691.805000
125 418011.463485 4125781.149561
126 418044.795918 4125881.150806
127 418100.349974 4125958.929553
128 418091.017400 4126048.545000
129 418039.931300 4126146.683000
130 418078.128351 4126281.155788
131 418146.234300 4126373.431000
132 418389.231063 4126292.267038
133 418544.782418 4126314.489537
134 418640.920500 4126433.745000
135 418643.447100 4126694.127000
136 418696.430300 4126791.252000
137 418698.955500 4127051.633000
138 418655.890529 4127147.833249
139 418518.549900 4127216.042000
140 418489.228363 4127325.613241
141 418494.704900 4127444.171000
142 418495.654200 4127541.801000
143 418544.782418 4127736.729472
144 418550.242122 4127959.990651
145 418615.018653 4128404.209654
146 418670.541393 4128903.956032
147 418707.556553 4129163.083783
148 418735.317923 4129459.229785
149 418800.094453 4129838.666850
150 419022.185413 4130181.085664
151 419244.276374 4130403.195166
152 419487.774700 4130656.869000
153 419516.975824 4130786.767459
154 419550.308258 4130964.547451
155 419561.419069 4131175.661191
156 419701.975700 4131305.775000
157 419761.413669 4131453.442429
158 419860.713900 4131597.170000
159 419861.410969 4131764.557415
160 419783.635291 4131909.003658
161 419682.574100 4131989.433000
162 419705.859613 4132153.451147
163 419783.635291 4132209.007394
164 419950.297458 4132231.229893
165 420039.183947 4132297.897390
166 420076.418800 4132408.839000
167 420155.307100 4132505.725000
168 420205.846113 4132675.679873
169 420314.008100 4132797.129000
170 420350.286658 4132920.127362
171 420405.840713 4133042.351107
172 420439.173147 4133220.131099
173 420475.262000 4133348.919000
174 420476.809200 4133511.673000
175 420350.286658 4133664.581079
176 420272.510980 4133775.693574
177 420183.624491 4133886.806068
178 420094.738002 4133953.473565
179 420116.959624 4134064.586060
180 420214.681496 4134175.698555
181 420350.286658 4134186.809805
182 420483.616391 4134331.256048
183 420537.681400 4134454.975000
184 420616.545900 4134551.865000
185 420617.164100 4134616.989000
186 420683.610991 4134764.594779
187 420697.877900 4134909.140000
188 420792.443674 4134997.931018
189 420916.938025 4134997.931018
190 420959.105841 4134875.707274
191 420925.773408 4134686.816032
192 420892.440974 4134509.036040
193 420836.886919 4134375.701046
194 420892.440974 4134286.811050
195 421030.116500 4134320.162000
196 421136.878819 4134420.146044
197 421236.876119 4134553.481038
198 421347.984230 4134720.149781
199 421425.759908 4134886.818523
200 421492.424774 4135020.153517
201 421503.535586 4135120.154763
202 421558.287100 4135226.561000
203 421592.422075 4135264.601006
204 421659.086941 4135297.934755
205 421703.530186 4135364.602252
206 421742.315500 4135452.624000
207 421743.229500 4135550.254000
208 421822.069700 4135647.155000
209 421870.192352 4135820.163481
210 421992.411275 4135920.164726
211 422147.962630 4136031.277221
212 422268.826900 4136196.313000
213 422392.400475 4136409.059704
214 422536.841019 4136609.062195
215 422647.949130 4136853.509684
216 422592.395075 4136942.399680
217 422563.012100 4137104.952000
218 422485.916700 4137203.306000
219 422486.823500 4137301.047000
220 422539.094900 4137333.072000
221 422617.005400 4137332.350000
222 422725.724808 4137386.849660
223 422859.054541 4137464.628406
224 422970.162653 4137597.963400
225 423103.492386 4137709.075895
226 423193.494800 4137880.353000
227 423414.595097 4138109.080877
228 423559.035642 4138297.972119
229 423625.700508 4138497.974610
230 423824.839800 4138753.321000
231 423859.027542 4138942.424589
232 423970.135653 4139053.537084
233 424243.214200 4139075.051000
234 424403.457286 4139042.425835
235 424481.232964 4139131.315831
236 424608.512000 4139267.022000
237 424786.237665 4139388.370286
238 424903.443786 4139531.320813
239 425027.795600 4139686.421000
240 425074.136713 4139789.202944
241 425036.773520 4139964.659543
242 424847.889731 4140209.107032
243 424781.224864 4140342.442026
244 424781.224864 4140531.333267
245 424792.335675 4140686.890760
246 424781.224864 4140775.780756
247 424700.497600 4140828.523000
248 424603.451886 4140820.225754
249 424470.122153 4140842.448253
250 424442.114500 4140961.117000
251 424494.561300 4141025.661000
252 424603.451886 4141086.895742
253 424703.140400 4141121.416000
254 424988.711000 4141118.844000
255 425070.105953 4140964.671998
256 425025.662709 4140798.003255
257 425003.441086 4140420.220772
258 425058.987900 4140271.973000
259 425258.989742 4140275.774529
260 425423.342300 4140366.348000
261 425520.097983 4140472.312123
262 425627.354491 4140556.995079
263 425791.061792 4140647.323565
264 425954.769094 4140715.069930
265 426259.603380 4140799.752886
266 426694.274491 4140873.144781
267 426999.108777 4140940.891146
268 427309.588142 4140856.208190
269 427445.070047 4140652.969096
270 427416.844650 4140449.730001
271 427388.619253 4140286.009620
272 427281.362745 4140178.744542
273 427004.753856 4139986.796508
274 426942.657983 4139868.240370
275 427038.624332 4139755.329762
276 427343.458618 4139619.837032
277 427524.101158 4139518.217485
278 427597.487190 4139433.534529
279 427766.839571 4139326.269451
280 427958.772269 4139320.623921
281 428376.508142 4139320.623921
282 428653.117031 4139303.687330
283 428918.435762 4139281.105208
284 429169.642089 4139264.168617
285 429322.059231 4139362.965399
286 429415.203041 4139447.648355
287 429499.879232 4139492.812598
288 429604.313200 4139583.141084
289 429657.941454 4140376.338106
290 429516.819487 4140528.767427
291 429268.310800 4140625.792000
292 429087.793455 4140737.652052
293 428907.065000 4140889.265000
294 428782.959169 4140986.055389
295 428675.016200 4141086.521000
296 428545.865836 4141149.775771
297 428410.383931 4141217.522136
298 428092.246576 4141464.678225
299 427761.199804 4141539.317369
300 427642.653137 4141533.671838
301 427510.766900 4141552.235000
302 427408.102400 4141683.386000
303 427408.951900 4141781.017000
304 427331.934100 4141879.326000
305 427333.351800 4142042.081000
306 427358.933043 4142131.353195
307 427335.052700 4142237.342000
308 427335.903200 4142334.973000
309 427258.891500 4142433.283000
310 427262.013900 4142791.300000
311 427411.201341 4143001.509743
312 427535.393087 4143142.648003
313 427653.939754 4143261.204141
314 427772.486421 4143436.215584
315 427891.033088 4143605.581496
316 428076.159700 4143890.880000
317 428184.577215 4144198.362188
318 428246.673088 4144390.310222
319 427979.983300 4144770.457000
320 427781.143865 4144842.498072
321 427525.595209 4144786.941825
322 427370.043854 4144653.606831
323 427236.714120 4144509.160587
324 427036.719520 4144331.380595
325 426914.500598 4144220.268100
326 426636.730320 4143998.043110
327 426525.622209 4143875.819366
328 426503.400587 4143731.373122
329 426547.843831 4143609.149378
330 426681.173565 4143564.704380
331 426681.173565 4143442.480635
332 426603.397887 4143386.924388
333 426411.508600 4143482.232000
334 426314.516798 4143575.815629
335 426236.741120 4143786.929370
336 426158.965442 4144020.265609
337 426092.300576 4144198.045601
338 426047.857331 4144342.491845
339 426058.968142 4144464.715589
340 426181.187064 4144475.826839
341 426247.851931 4144364.714344
342 426336.738420 4144231.379350
343 426425.624909 4144198.045601
344 426495.961000 4144230.089000
345 426625.619509 4144320.269346
346 426925.611409 4144620.273082
347 427081.162765 4144864.720571
348 427170.049254 4144975.833066
349 427236.714120 4145098.056810
350 427325.600609 4145209.169305
351 427425.597909 4145320.281800
352 427518.798100 4145458.037000
353 427520.496600 4145653.300000
354 427492.262776 4145731.398032
355 427444.364900 4145849.240000
356 427367.385700 4145947.549000
357 427360.395627 4146055.741691
358 427377.330865 4146168.652299
359 427473.112600 4146174.526000
360 427628.855600 4146173.172000
361 427776.977952 4146096.680359
362 427991.234900 4146072.393000
363 428068.636744 4146132.791920
364 428147.733200 4146168.681000
365 428221.410397 4146238.348790
366 428276.964452 4146285.571600
367 428296.408372 4146330.016598
368 428253.435100 4146395.556000
369 428235.298911 4146491.129716
370 428185.300261 4146666.131896
371 428151.967827 4146738.355017
372 428101.718000 4146852.549000
373 428079.747555 4146943.913133
374 428051.494800 4147048.260000
375 428024.193500 4147152.249061
376 427935.307011 4147318.917804
377 427876.975252 4147502.253420
378 427822.833300 4147603.563000
379 427823.679600 4147701.195000
380 427850.586862 4147795.312626
381 427902.901800 4147863.277000
382 427978.361190 4148039.760115
383 428117.246329 4148156.428234
384 428283.908495 4148273.096354
385 428376.508142 4148330.890443
386 428452.145600 4148379.354000
387 428540.215444 4148426.864459
388 428617.232829 4148489.765719
389 428670.052269 4148539.775068
390 428749.083381 4148618.812493
391 428811.179254 4148737.368632
392 428896.970800 4148831.228000
393 428950.557162 4148867.548202
394 428978.334190 4148917.548825
395 429002.065000 4148992.988000
396 429054.239600 4149025.164000
397 429155.529095 4149064.809395
398 429210.670800 4149121.471000
399 429353.106873 4149256.757429
400 429446.000100 4149347.259000
401 429528.104333 4149409.186749
402 429628.316640 4149523.111922
403 429624.070683 4149606.780314
404 429528.104333 4149730.981982
405 429450.691100 4149900.544000
406 429399.628600 4149998.616000
407 429369.989854 4150187.009080
408 429403.322287 4150353.677822
409 429503.319588 4150520.346565
410 429569.984454 4150631.459060
411 429658.870943 4150831.461551
412 429747.757432 4150975.907794
413 429828.311240 4151045.353103
414 429950.530163 4151073.131227
415 430044.972057 4151112.020600
416 430139.413951 4151173.132473
417 430203.300688 4151231.466533
418 430314.408799 4151320.356529
419 430492.181777 4151420.357774
420 430605.337100 4151518.294000
421 430650.511263 4151562.026205
422 430706.065318 4151600.915578
423 430735.991100 4151647.464000
424 430788.683600 4151744.664000
425 430815.391400 4151842.080000
426 430868.081700 4151939.281000
427 430906.059918 4152034.254309
428 430961.613974 4152123.144305
429 431100.499113 4152289.813047
430 431150.497763 4152373.147418
431 431256.050468 4152500.926788
432 431339.381552 4152589.816784
433 431428.268041 4152700.929278
434 431522.709935 4152823.153023
435 431656.039669 4152978.710516
436 431769.925055 4153153.712695
437 431758.814244 4153320.381438
438 431769.925055 4153487.050180
439 431841.483500 4153656.233000
440 431842.285100 4153753.976000
441 431961.586974 4153928.722348
442 432081.027766 4154087.057653
443 432206.024819 4154312.060455
444 432258.800744 4154609.286380
445 432333.799146 4154850.956056
446 432414.352099 4155053.736359
447 432511.572980 4155181.515729
448 432611.570280 4155237.071976
449 432710.076800 4155276.615000
450 432778.232446 4155325.961972
451 432844.897313 4155448.185716
452 432900.451369 4155570.409461
453 432978.227046 4155737.078203
454 433044.891913 4155937.080694
455 433178.221647 4156125.971936
456 433355.994624 4156292.640678
457 433496.963000 4156442.053000
458 433544.878413 4156503.754419
459 433575.995500 4156604.189000
460 433567.100036 4156792.646906
461 433567.100036 4156992.649397
462 433502.698600 4157158.100000
463 433451.374600 4157223.530000
464 433321.806600 4157224.570000
465 433243.298300 4157127.562000
466 433156.000024 4157048.205644
467 433087.063300 4157031.181000
468 432956.005424 4157037.094394
469 432900.451369 4157103.761891
470 432959.069200 4157227.491000
471 433078.224347 4157248.208135
472 433167.147300 4157323.564000
473 433300.440569 4157414.876877
474 433401.619000 4157484.337000
475 433511.545980 4157514.878123
476 433609.684500 4157580.309000
477 433689.318102 4157609.323744
478 433765.903100 4157676.700000
479 433900.424369 4157770.436861
480 434052.970700 4157934.821000
481 434200.415414 4158014.884350
482 434365.380600 4158127.622000
483 434455.964069 4158187.108717
484 434547.800700 4158256.441000
485 434548.570800 4158354.073000
486 434471.629400 4158452.320000
487 434450.408664 4158559.335576
488 434411.520825 4158614.891823
489 434369.756900 4158680.912000
490 434318.525100 4158746.447000
491 434311.523525 4158859.339312
492 434372.632986 4158931.562434
493 434450.408664 4158920.451184
494 434552.421500 4158842.238000
495 434589.293803 4158753.782442
496 434667.069480 4158681.559320
497 434732.430000 4158678.051000
498 434939.684300 4158676.423000
499 435089.280303 4158864.894937
500 435289.274903 4159003.785555
501 435461.320500 4159128.034000
502 435550.378964 4159181.565547
503 435617.488300 4159224.459000
504 435739.262753 4159309.344917
505 435826.240100 4159418.230000
506 436083.697897 4159637.126777
507 436361.468175 4159981.575511
508 436401.356200 4160097.271000
509 436439.243853 4160148.244254
510 436517.019531 4160187.133627
511 436583.612300 4160226.023000
512 436868.521900 4160223.849000
513 436850.343864 4160181.578002
514 436822.566836 4160114.910505
515 436737.849000 4160062.188000
516 436633.683047 4159931.574888
517 436503.177400 4159868.704000
518 436339.246553 4159681.571775
519 436194.806008 4159453.791160
520 436139.251953 4159376.012414
521 436058.594300 4159318.797000
522 435978.145192 4159203.788046
523 435823.973300 4159125.220000
524 435733.707347 4159070.453052
525 435578.155992 4158937.118058
526 435500.380314 4158742.671192
527 435467.047881 4158587.113699
528 435317.051931 4158437.111831
529 435170.778600 4158414.318000
530 435118.520400 4158349.597000
531 435117.247800 4158186.839000
532 435055.948725 4158037.106849
533 434889.286558 4157937.105604
534 434726.030600 4157864.482000
535 434648.313600 4157865.093000
536 434544.851414 4157759.325612
537 434413.618800 4157671.556000
538 434333.746002 4157581.545620
539 434204.791300 4157477.931000
540 434126.554700 4157413.533000
541 434022.643291 4157348.209380
542 433943.939300 4157252.216000
543 433943.162400 4157154.583000
544 434020.368400 4157088.840000
545 434019.592500 4156991.207000
546 434044.954000 4156925.876000
547 434122.679800 4156925.259000
548 434174.268700 4156892.340000
549 434173.494600 4156794.708000
550 434224.568500 4156696.664000
551 434223.795100 4156599.032000
552 434145.203500 4156502.016000
553 434144.686900 4156436.891000
554 434066.181200 4156339.875000
555 434065.406000 4156242.242000
556 434012.867500 4156145.021000
557 434011.315900 4155949.756000
558 433955.978424 4155792.634451
559 433930.732700 4155592.352000
560 433855.981124 4155503.741964
561 433748.245300 4155463.546000
562 433633.764902 4155325.961972
563 433513.463600 4155270.145000
564 433408.794600 4155140.836000
565 433300.440569 4154992.624487
566 433250.867500 4154849.187000
567 433249.559800 4154686.430000
568 433171.027500 4154589.422000
569 433125.444011 4154398.172639
570 433022.669436 4154267.615457
571 432856.616800 4154168.782000
572 432751.923900 4154039.481000
573 432725.156900 4153942.059000
574 432714.343999 4153831.498915
575 432681.011566 4153698.163921
576 432618.875200 4153617.384000
577 432489.250800 4153618.436000
578 432414.352099 4153464.827681
579 432392.130477 4153298.158939
580 432303.243988 4153098.156448
581 432269.911555 4152775.930213
582 432125.471010 4152520.371474
583 431958.808844 4152342.591482
584 431789.369402 4152184.256177
585 431706.038319 4152223.145550
586 431661.595074 4152289.813047
587 431539.376152 4152356.480544
588 431383.824796 4152350.924919
589 431189.385602 4152089.810556
590 431101.939100 4152002.358000
591 431072.722085 4151906.474939
592 431028.278841 4151812.029319
593 431000.501813 4151723.139323
594 430943.422300 4151645.738000
595 430833.839646 4151395.357463
596 430706.065318 4151195.354972
597 430549.651600 4151063.074000
598 430428.295040 4151023.130604
599 430315.490200 4150967.393000
600 430185.551100 4150935.974000
601 430107.221500 4150871.502000
602 429950.530163 4150789.794365
603 429794.978807 4150500.901878
604 429685.717700 4150093.832000
605 429778.312590 4149928.672529
606 429889.420701 4149767.559411
607 430006.084218 4149623.113168
608 430019.226238 4149522.097357
609 429996.645921 4149437.414401
610 429979.710683 4149358.376976
611 429906.324651 4149228.529777
612 429855.518937 4149160.783412
613 429753.907508 4149093.037047
614 429573.264968 4148957.544317
615 429381.332270 4148838.988179
616 429262.785603 4148703.495449
617 429206.334809 4148584.939311
618 429200.689730 4148511.547415
619 429161.174174 4148409.927868
620 429099.078301 4148302.662791
621 429031.337349 4148172.815591
622 428974.886555 4148059.904983
623 428907.145603 4147969.576497
624 428839.404650 4147822.792706
625 428760.373539 4147647.781264
626 428749.083381 4147484.060882
627 428760.373539 4147421.960048
628 428754.738900 4147367.751000
629 428780.091100 4147302.405000
630 428779.534200 4147237.280000
631 428822.469412 4147196.138832
632 428890.210365 4147213.075423
633 428961.444700 4147268.346000
634 429036.982428 4147297.758379
635 429104.723381 4147405.023457
636 429262.785603 4147563.098308
637 429370.042111 4147596.971490
638 429482.943698 4147630.844673
639 429522.459254 4147692.945507
640 429595.845286 4147726.818690
641 429669.231317 4147800.210585
642 429667.568700 4147945.822000
643 429691.811635 4148031.677331
644 429731.327190 4148184.106652
645 430009.184300 4148463.756000
646 430177.288460 4148534.129537
647 430296.135700 4148656.626000
648 430448.252270 4148686.558858
649 430527.283381 4148782.532875
650 430557.352000 4148882.228000
651 430674.055445 4148991.417500
652 430753.086556 4149047.872804
653 430899.858619 4149262.402959
654 431063.565921 4149493.869705
655 431167.163980 4149678.669415
656 431261.605874 4149817.560034
657 431389.380202 4149912.005655
658 431500.488313 4149967.561902
659 431667.150480 4150012.006900
660 431922.699135 4150045.340649
661 432333.799146 4150123.119395
662 432800.453213 4150106.452521
663 433078.223491 4150056.451898
664 433263.811500 4149999.345000
665 433367.104580 4149956.450653
666 433418.611700 4149900.466000
667 433550.432963 4149817.560034
668 433624.787200 4149736.053000
669 433789.315402 4149573.112545
670 433907.732000 4149440.887000
671 434105.973519 4149389.776929
672 434380.965666 4149375.887867
673 434581.992200 4149435.560000
674 434769.844055 4149464.777863
675 434880.952167 4149564.779108
676 434920.947700 4149660.686000
677 434780.954867 4149942.561591
678 434680.957567 4150187.009080
679 434592.071078 4150442.567818
680 434569.849455 4150575.902812
681 434625.403511 4150731.460305
682 434697.019300 4150866.711000
683 434697.785800 4150964.343000
684 434802.486000 4151093.779000
685 434936.506222 4151142.576537
686 435011.201400 4151254.912000
687 435011.709400 4151319.926000
688 434934.695000 4151418.166000
689 434935.458900 4151515.798000
690 434858.448200 4151614.149000
691 434859.213000 4151711.781000
692 434769.844055 4151764.806508
693 434677.935500 4151745.712000
694 434573.242100 4151616.388000
695 434580.960267 4151475.914021
696 434441.020900 4151291.896000
697 434192.081878 4151253.689032
698 434058.752144 4151198.132784
699 433921.692400 4151198.368000
700 433780.981866 4151220.355283
701 433692.095377 4151253.689032
702 433559.472100 4151298.892000
703 433514.322400 4151387.024026
704 433535.395700 4151526.869000
705 433692.095377 4151842.585255
706 433669.873755 4151998.142748
707 433565.452500 4152047.440000
708 433486.900000 4151950.430000
709 433357.249700 4151951.468000
710 433214.330500 4152020.365247
711 433092.111577 4152164.811490
712 433101.442300 4152376.695000
713 433136.554822 4152531.482724
714 433233.873000 4152733.675000
715 433379.504628 4152915.435043
716 433663.239247 4153199.212924
717 433816.019427 4153384.760000
718 434045.189697 4153690.366948
719 434296.185706 4153930.486694
720 434470.791626 4154181.520973
721 434725.392500 4154479.426000
722 434792.752555 4154677.199234
723 434883.696000 4154836.228000
724 434972.783645 4155076.512752
725 435049.518747 4155220.716712
726 435102.382375 4155371.693789
727 435177.901843 4155522.670866
728 435276.077152 4155703.843359
729 435351.596620 4155869.918144
730 435412.012194 4156013.346367
731 435472.427769 4156126.579175
732 435570.603078 4156232.263129
733 435706.538121 4156307.751668
734 435797.161482 4156353.044791
735 435902.888738 4156413.435622
736 436008.615993 4156458.728745
737 436129.447143 4156504.021868
738 436227.763693 4156506.316690
739 436400.040100 4156549.456000
740 436503.130589 4156587.088790
741 436556.244300 4156645.899000
742 436763.548700 4156644.317000
743 436892.135900 4156513.192000
744 436891.393800 4156415.559000
745 436740.668582 4156288.026013
746 436718.842842 4156069.735335
747 436740.668582 4155775.042920
748 436784.320062 4155567.666776
749 436795.232932 4155218.401692
750 436802.272200 4154919.049000
751 436909.818067 4154776.363821
752 437062.598247 4154629.017613
753 437125.336012 4154531.507633
754 437149.901206 4154432.556004
755 437225.333312 4154364.838891
756 437358.663045 4154342.616392
757 437591.872441 4154394.355135
758 437769.763056 4154409.283889
759 438047.533334 4154464.840136
760 438192.080290 4154416.184203
761 438197.536725 4154274.295262
762 438203.084690 4154075.946404
763 438213.906030 4153810.427572
764 438192.799600 4153704.318000
765 438137.515940 4153482.991556
766 438034.619300 4153347.455000
767 438091.976578 4153142.601446
768 438323.034729 4153013.666599
769 438737.723789 4152997.294798
770 438847.511734 4153164.823945
771 438906.873273 4153308.359014
772 439014.173901 4153464.827681
773 439176.151900 4153469.169000
774 439337.931638 4153422.961619
775 439538.339700 4153368.889000
776 439665.317737 4153324.730814
777 439770.907500 4153269.564000
778 439878.118702 4153237.414543
779 439977.824900 4153202.939000
780 440101.832536 4153155.555539
781 440210.402500 4153103.626000
782 418085.549639 4107553.224348
783 418209.741385 4107508.060104
784 418345.223290 4107541.933287
785 418503.285512 4107575.806469
786 418647.470060 4107620.970713
787 418799.887203 4107666.134956
788 418918.433870 4107700.008138
789 419070.851013 4107756.463442
790 419183.752600 4107795.982155
791 419307.944346 4107880.665111
792 419471.651648 4107954.057006
793 419711.332497 4108072.613145
794 419914.555354 4108208.105874
795 420117.778211 4108343.598604
796 420343.581386 4108490.382394
797 420558.094402 4108625.875124
798 420795.187735 4108840.405279
799 421009.700751 4109133.972860
800 421258.084244 4109292.047712
801 421483.887418 4109563.033171
802 421732.270910 4109822.727569
803 422025.815038 4110217.914698
804 422240.328053 4110455.026974
805 422477.421387 4110669.557130
806 422624.193450 4110861.505163
807 422770.965514 4111042.162136
808 422974.188371 4111200.236988
809 423109.670276 4111358.311839
810 423290.312816 4111640.588359
811 423369.343927 4111730.916845
812 423448.375038 4111888.991697
813 423459.665197 4112024.484426
814 420734.136566 4109575.802136
815 420567.568346 4109511.020198
816 420363.984966 4109474.001947
817 420132.640215 4109464.747385
818 419910.549255 4109436.983697
819 419586.666604 4109270.401571
820 419392.337014 4109187.110508
821 419235.022584 4109048.292070
822 418994.424043 4108872.455381
823 418901.886143 4108742.891506
824 418744.571713 4108530.036567
825 418624.272443 4108381.963566
826 418522.480753 4108252.399690
827 418411.716200 4108143.987000
828 418337.404952 4108067.308439
829 418300.389792 4107965.508251
830 418272.628422 4107863.708063
831 418152.329152 4107761.907875
832 418074.259481 4107666.134956
833 435706.408382 4136305.910686
834 435655.602668 4136209.936669
835 435649.957588 4136125.253713
836 435706.408382 4136068.798409
837 435881.405842 4136113.962652
838 436321.722033 4136266.391973
839 436541.880128 4136396.239172
840 436671.716954 4136588.187206
841 436794.499900 4136789.908000
842 436841.069335 4136955.146682
843 436874.626200 4137082.207000
844 436928.269093 4137223.807769
845 436954.748100 4137374.619000
846 437020.806993 4137547.717458
847 437113.259400 4137731.456000
848 437191.898300 4137828.500000
849 437270.659324 4138038.209274
850 437335.435854 4138186.282275
851 437403.086300 4138282.582000
852 437481.716700 4138379.628000
853 437594.541974 4138556.464777
854 437724.095035 4138778.574278
855 437850.117900 4139027.817000
856 437946.185995 4139148.756780
857 438007.836400 4139287.041000
858 438103.500425 4139417.139095
859 438165.786000 4139578.776000
860 438244.154300 4139643.212000
861 438325.591386 4139787.321597
862 438376.158200 4139935.253000
863 438482.905816 4140138.994974
864 438612.443400 4140291.544000
865 438732.758146 4140536.941164
866 438901.609400 4140777.598000
867 439102.909747 4141055.196667
868 439206.354933 4141279.622970
869 439324.901600 4141477.216534
870 439420.867949 4141725.619872
871 439528.124457 4141923.213436
872 439646.671124 4142058.706166
873 439731.347315 4142194.198895
874 439923.280013 4142499.057537
875 440115.212712 4142719.233223
876 439844.248902 4142369.210338
877 440182.953664 4142781.334057
878 440284.565093 4142882.953605
879 440374.886362 4142978.927621
880 440411.816763 4143041.028456
881 440479.557716 4143153.939064
882 440581.169144 4143289.431793
883 440671.490414 4143458.797706
884 440795.682160 4143718.492104
885 440874.713271 4143955.604381
886 440953.744382 4144170.134536
887 441066.645970 4144520.157421
888 441142.618337 4144864.534776
889 441159.551804 4145197.621069
890 441176.488813 4145406.505694
891 441193.422280 4145604.099258
892 441159.551804 4145705.718806
893 441148.261646 4145796.047292
894 441136.971487 4145897.666839
895 441103.101011 4145999.286387
896 441069.230534 4146146.070177
897 441001.489582 4146258.980785
898 440922.458471 4146383.182454
899 440843.427360 4146428.346697
900 440741.815931 4146439.637758
901 440651.494661 4146338.018211
902 440549.883233 4146270.271846
903 440448.271804 4146134.779116
904 440380.530852 4146033.159569
905 440324.080058 4145875.084718
906 440301.499740 4145739.591988
907 440222.468629 4145592.808198
908 440155.196200 4145422.830000
909 436812.843938 4138146.353597
910 436795.908700 4138039.088519
911 436756.393144 4137875.368138
912 436716.877589 4137762.457530
913 436666.071874 4137638.255861
914 436626.556319 4137514.054192
915 436530.589970 4137322.106158
916 436383.817906 4137141.449186
917 436355.592509 4136994.665395
918 436310.431874 4136785.780770
919 436169.304890 4136605.123797
920 435971.727112 4136531.731902
921 435887.050922 4136554.314024
922 435791.084572 4136447.048946
923 429673.297721 4128506.009842
924 429941.657632 4128543.028092
925 430228.525122 4128607.810030
926 430469.123662 4128617.064593
927 430700.468413 4128598.555468
928 430718.975993 4128746.628468
929 430635.691883 4128839.174094
930 430459.869872 4128848.428657
931 430265.540282 4128829.919531
932 430108.225852 4128792.901281
933 430080.464482 4128681.846531
934 429932.403842 4128654.082843
935 429756.581831 4128607.810030
936 429571.506031 4128570.791780
937 429426.048400 4128549.250000
938 429425.226100 4128451.621000
939 426838.720948 4118371.867081
940 426908.136543 4118357.982803
941 427009.946082 4118385.751359
942 427111.755621 4118432.032286
943 427236.703692 4118459.800841
944 427426.439651 4118510.709861
945 427657.824966 4118607.899806
946 427833.407100 4118700.978000
947 428028.041472 4118760.626864
948 428277.937613 4118820.792069
949 428449.162747 4118876.329180
950 428652.781825 4118917.982014
951 428680.548062 4118797.651605
952 428797.318400 4118790.392000
953 428874.911728 4118843.932532
954 428954.308000 4118886.698000
955 429004.487505 4118931.866292
956 429027.626036 4119010.543867
957 429060.309100 4119113.579000
958 439200.280415 4150295.343762
959 439255.078100 4150083.592000
960 439339.165554 4150062.007523
961 439462.308900 4150049.573000
962 439695.441000 4150015.261000
963 439772.524100 4149917.066000
964 439811.375026 4149834.226908
965 439883.595298 4149773.115036
966 439952.451000 4149687.985000
967 440029.540200 4149589.792000
968 440155.810171 4149484.222549
969 440244.696659 4149361.998805
970 440216.919632 4149195.330062
971 440207.288000 4149067.713000
972 440310.056700 4148936.831000
973 440572.465587 4148934.215699
974 440744.683160 4148950.882573
975 440829.533900 4149030.758000
976 440900.234515 4149089.773192
977 441028.008843 4149184.218813
978 441142.570900 4149288.938000
979 441220.367300 4149288.388000
980 441305.779121 4149178.663188
981 441328.000743 4148917.548825
982 441372.443988 4148711.990709
983 441377.999393 4148573.100091
984 441344.323800 4148473.807000
985 441289.112904 4148434.209472
986 441239.114254 4148389.764474
987 441178.004793 4148323.096977
988 441078.007493 4148234.206981
989 440950.233165 4148100.871987
990 440873.712700 4147956.338000
991 440866.007677 4147851.020358
992 440945.038788 4147783.273994
993 441046.650217 4147828.438237
994 441148.261646 4147941.348845
995 441216.002598 4148031.677331
996 441317.614027 4148133.296879
997 441486.966408 4148291.371730
998 441554.707360 4148438.155520
999 441645.028630 4148562.357189
1000 441735.349900 4148641.394615
1001 441825.671170 4148720.432040
1002 441882.121963 4148788.178405
1003 441927.282598 4148901.089013
1004 442017.603868 4149059.163864
1005 442085.344820 4149172.074473
1006 442164.375932 4149307.567202
1007 442243.407043 4149443.059932
1008 442311.147995 4149589.843722
1009 442356.308630 4149702.754330
1010 442424.049582 4149826.955999
1011 442480.500376 4149985.030850
1012 442516.857532 4150078.674397
1013 442548.241329 4150165.687823
1014 442582.111805 4150244.725249
1015 442638.562598 4150357.635857
1016 442728.883868 4150470.546465
1017 442751.464186 4150606.039195
1018 442830.495297 4150809.278289
1019 442886.946091 4150967.353140
1020 442909.526408 4151102.845870
1021 442965.977202 4151193.174357
1022 443090.168948 4151362.540269
1023 443135.329583 4151543.197241
1024 443236.941011 4151723.854214
1025 443304.681964 4151927.093309
1026 443440.163869 4152209.369829
1027 443688.547361 4152480.355288
1028 443903.060377 4152864.251356
1029 444072.412758 4153169.109997
1030 444253.055297 4153541.715004
1031 444524.019107 4153914.320010
1032 444838.018108 4154312.493877
1033 445034.449768 4154792.733368
1034 445187.229947 4155120.169385
1035 445492.790307 4155665.896079
1036 445733.164147 4156170.112880
1037 440313.119700 4152972.742000
1038 440369.692857 4152798.152712
1039 440436.357723 4152575.927722
1040 440403.025290 4152409.258979
1041 440369.692857 4152253.701486
1042 440336.360423 4152087.032744
1043 440305.641600 4151931.191000
1044 440200.253415 4151823.140568
1045 440045.493300 4151802.917000
1046 439940.797100 4151673.528000
1047 439916.927732 4151500.914333
1048 439886.565200 4151348.390000
1049 439778.042593 4151223.133095
1050 439644.712859 4151100.909351
1051 439561.381776 4151050.908728
1052 439495.310600 4151025.698000
1053 439416.941231 4150923.129359
1054 439366.942581 4150839.794988
1055 439255.834470 4150756.460617
1056 439181.572300 4150670.059000
1057 429728.504946 4139690.406162
1058 429799.068438 4139842.835483
1059 429937.372883 4139916.227378
1060 429959.953200 4139995.264804
1061 429810.363614 4140184.390072
1062 429705.924628 4140283.186854
1063 432847.411001 4130163.573608
1064 432932.087192 4130248.256564
1065 433016.763382 4130383.749294
1066 433135.310049 4130507.950963
1067 433332.887827 4130716.835588
1068 433496.595129 4130993.466578
1069 433632.077033 4131185.414611
1070 433801.429414 4131371.717114
1071 433925.621161 4131507.209844
1072 434038.522748 4131631.411513
1073 434185.294811 4131733.031060
1074 434306.427223 4131800.777425
1075 434408.038652 4131857.232729
1076 434475.779604 4131902.396972
1077 434532.229217 4131953.206746
1078 434583.034932 4131992.725459
1079 434656.420964 4132037.889702
1080 434735.452075 4132099.990536
1081 434853.998741 4132162.091371
1082 434983.835567 4132224.192205
1083 435079.801916 4132320.166222
1084 435187.059605 4132433.076830
1085 435294.314932 4132579.860621
1086 435424.152938 4132783.099715
1087 435519.437500 4133121.802000
1088 435521.444400 4133382.183000
1089 435549.454381 4133586.764685
1090 435582.213980 4133754.130944
1091 435669.753651 4133947.692624
1092 435861.884564 4134205.773376
1093 436042.527104 4134375.139288
1094 436087.687739 4134657.415809
1095 436065.107421 4134894.528085
1096 435943.499059 4135052.602937
1097 435819.307313 4135097.767180
1098 435689.470488 4135086.476119
1099 435553.988583 4135030.020815
1100 435503.182869 4134945.337859
1101 435497.537789 4134826.781721
1102 435491.892710 4134725.162173
1103 435514.473027 4134589.669444
1104 435503.182869 4134442.885653
1105 435497.537789 4134301.747393
1106 435441.086996 4134143.672542
1107 435407.216519 4133991.243221
1108 435305.605091 4133748.485414
1109 435108.027313 4133522.664198
1110 434901.689080 4133309.127808
1111 434679.598119 4133031.490931
1112 434503.776109 4132855.654243
1113 434309.446519 4132661.308429
1114 434078.101768 4132587.271929
1115 433916.915566 4132427.431300
1116 433820.949217 4132280.647509
1117 433698.696378 4132161.562051
1118 433559.889528 4131939.452550
1119 433495.112997 4131671.070236
1120 433402.575097 4131347.160546
1121 433287.727192 4131106.377186
1122 426591.137417 4115847.242538
1123 426498.583290 4115782.449241
1124 426462.588557 4115663.028770
1125 426563.371179 4115606.581720
1126 426711.457781 4115597.325535
1127 426843.631415 4115612.218997
1128 426962.177786 4115660.206005
1129 427035.563818 4115733.597900
1130 427187.980961 4115829.571917
1131 427340.398104 4115982.001238
1132 427566.201278 4116168.303741
1133 427814.584771 4116394.124958
1134 428012.162548 4116569.136400
1135 428187.160009 4116670.755947
1136 428305.706676 4116710.274660
1137 428401.673025 4116778.021025
1138 428508.929533 4116823.185268
1139 428576.670485 4116873.995042
1140 428678.281914 4116907.868224
1141 428751.667946 4116958.677998
1142 428779.893342 4117037.715423
1143 428791.183501 4117156.271562
1144 428875.859692 4117376.447247
1145 428875.859692 4117590.977403
1146 428853.279374 4117743.406724
1147 428819.408898 4117856.317332
1148 428376.384000 4118273.178000
1149 427655.509869 4118068.727012
1150 427636.999044 4117929.884233
1151 427775.830234 4117883.603306
1152 427849.873535 4117781.785268
1153 427923.916836 4117689.223415
1154 427970.193899 4117642.942488
1155 428016.470962 4117559.636820
1156 428081.258851 4117531.868264
1157 428161.170800 4117461.320000
1158 428160.336700 4117363.693000
1159 428081.258851 4117217.157964
1160 428118.280501 4117078.315184
1161 428074.258421 4116964.323528
1162 428813.764999 4123236.507805
1163 428983.117380 4123360.709474
1164 429084.728809 4123575.239629
1165 429186.340237 4123733.314480
1166 429254.081190 4123936.553575
1167 429378.272936 4124072.046304
1168 429423.433571 4124252.703277
1169 429513.754841 4124523.688737
1170 429558.915476 4124693.054649
1171 429581.495793 4124828.547378
1172 429615.366269 4125020.495412
1173 429649.236745 4125280.189811
1174 429624.070683 4125534.238679
1175 429646.651000 4125776.996486
1176 429691.811635 4126036.690884
1177 429711.570077 4126382.479622
1178 429643.829125 4126515.149586
1179 429561.974810 4126623.826046
1180 429494.233857 4126759.318776
1181 429358.751952 4127058.531887
1182 429274.075762 4127335.162877
1183 429178.109413 4127668.249171
1184 429163.759920 4127899.715917
1185 429107.309126 4128012.626525
1186 417504.637308 4110430.060086
1187 417809.328500 4110525.722000
1188 417811.233700 4110721.087000
1189 417631.119100 4110950.626000
1190 417396.649200 4110952.921000
1191 417291.104000 4110823.812000
1192 417290.145900 4110726.184000
1193 417211.028100 4110629.325000
1194 417210.068000 4110531.587000
1195 417130.947600 4110434.728000
1196 417129.987700 4110337.101000
1197 419155.947200 4112368.004000
1198 419235.026600 4112464.881000
1199 419235.962700 4112562.508000
1200 419314.728000 4112626.881000
1201 419289.646200 4112724.758000
1202 419508.434143 4117219.472010
1203 419487.655300 4117084.216000
1204 419462.157080 4116775.175115
1205 419452.901667 4116525.258112
1206 419448.273961 4116238.316367
1207 419466.784786 4116006.911735
1208 419006.545600 4113085.401000
1209 418953.799300 4113020.892000
1210 419147.473050 4113044.932436
1211 419212.260938 4112887.577286
1212 418971.620210 4112804.271618
1213 418976.247916 4112558.982707
1214 419536.200381 4115942.118438
1215 419670.403864 4115969.886993
1216 419707.425514 4116289.225387
1217 419712.053221 4116553.026668
1218 419707.425514 4116946.414544
1219 419725.936340 4117261.124844
1220 419605.615975 4117302.777678
1221 428953.582735 4119144.758554
1222 428749.963657 4119135.502369
1223 428504.695222 4119093.849535
1224 428351.980914 4119001.287682
1225 428134.478717 4118941.122478
1226 427861.444044 4118853.188717
1227 427616.175610 4118765.254957
1228 427375.534881 4118686.577382
1229 427130.266446 4118607.899806
1230 426986.807551 4118492.197490
1231 428756.903973 4117957.652788
1232 428664.349847 4118087.239383
1233 428525.518657 4118235.338348
1234 428340.410404 4118087.239383
1235 428414.453705 4117763.272897
1236 428358.921230 4117550.380635
1237 428192.323802 4117716.991970
1238 428090.514263 4117874.347121
1239 427942.427661 4118003.933715
1240 427785.085646 4118087.239383
1241 428006.517469 4116840.121859
1242 427842.810167 4116648.173826
1243 427600.071755 4116439.289201
1244 427351.688262 4116219.113515
1245 427193.626040 4116061.038664
1246 426979.113024 4115925.545934
1247 426776.245669 4115847.242538
1248 423394.598708 4112120.806838
1249 423209.522908 4112083.788588
1250 423120.960435 4111888.991697
1251 423098.380117 4111663.170480
1252 422974.188371 4111471.222447
1253 422737.095038 4111301.856535
1254 422466.131228 4111008.288954
1255 422240.328053 4110805.049859
1256 421969.364244 4110522.773339
1257 421720.980752 4110184.041515
1258 421495.177577 4109946.929238
1259 421321.749745 4109714.620574
1260 421100.022021 4109619.488475
1261 420840.552664 4109640.584073
1262 429016.987856 4128148.119255
1263 428892.796110 4128170.701376
1264 428870.215793 4128057.790768
1265 428881.505951 4127899.715917
1266 428890.210365 4127719.058944
1267 428941.016079 4127504.528789
1268 429005.697698 4127335.162877
1269 429129.889444 4127098.050600
1270 429231.500872 4126883.520445
1271 429291.011000 4126742.382185
1272 429358.751952 4126488.333317
1273 429415.202746 4126318.967405
1274 429423.433571 4126093.146188
1275 429392.622429 4125782.642016
1276 429254.081190 4124805.965257
1277 429186.340237 4124534.979797
1278 429062.148491 4124230.121156
1279 428994.407539 4124004.299940
1280 428915.376428 4123801.060845
1281 428768.604364 4123597.821751
1282 428746.024047 4123439.746899
1283 428644.412618 4123247.798866
1284 432768.379890 4130231.319973
1285 432819.185605 4130344.230581
1286 432915.151954 4130524.887554
1287 433028.053541 4130677.316875
1288 433135.310049 4130846.682787
1289 436870.463995 4138410.705417
1290 437037.032215 4138651.324043
1291 437259.123176 4138947.470045
1292 437333.153496 4139151.070421
1293 437566.780604 4139528.193845
1294 437684.797516 4139743.362425
1295 437814.350576 4140113.544927
1296 438073.456697 4140428.200054
1297 438295.547657 4140761.364306
1298 438795.252318 4141760.857062
1299 438980.328118 4142186.566939
1300 439165.403919 4142686.313317
1301 439313.464559 4143019.477569
1302 439535.555519 4143574.751323
1303 439887.199540 4143981.952075
1304 440201.828400 4144574.244078
1305 440220.335981 4145018.463081
1306 438408.875496 4141036.687542
1307 438630.966456 4141406.870044
1308 429333.112301 4125065.659655
1309 429366.982777 4125393.100419
1310 415929.125780 4108953.315887
1311 415590.421017 4108772.658915
1312 415206.555621 4108546.837698
1313 439178.058793 4150523.124377
1314 418261.454168 4107008.693536
1315 418050.348757 4107108.694782
1316 417917.019024 4107230.918526
1317 417705.913613 4107319.808522
1318 417439.254146 4107442.032267
1319 417639.248746 4107497.588514
1320 417883.686591 4107364.253520
1321 418039.237946 4107275.363524
1322 418228.121735 4107164.251029
1323 418439.227146 4107164.251029
1324 418294.786602 4107286.474774
1325 418105.902813 4107397.587269
1326 417950.351457 4107486.477265
1327 417817.021724 4107619.812259
1328 417694.802802 4107764.258502
1329 417761.467668 4107442.032267
1330 418350.340657 4107419.809768
1331 418517.002824 4107430.921017
1332 418005.905513 4107697.591005
1333 417994.794702 4107975.372243
1334 417761.467668 4107230.918526
1335 418361.451468 4107064.249784
1336 418472.559580 4107319.808522
1337 418150.346057 4107275.363524
1338 418205.900113 4107386.476019
1339 418139.235246 4107042.027285
1340 417928.129835 4107130.917281
1341 417928.129835 4107575.367261
1342 417683.691991 4107608.701009
1343 417928.129835 4107730.924754
1344 416839.270346 4116253.253117
1345 416983.710890 4116997.706834
1346 416794.827101 4116975.484335
1347 416650.386557 4117086.596830
1348 416650.386557 4117264.376822
1349 416894.824401 4117064.374331
1350 416761.494668 4117086.596830
1351 416728.162235 4117219.931824
1352 416972.600079 4117142.153077
1353 416850.381157 4117175.486826
1354 416983.710890 4118553.281763
1355 417139.262246 4118619.949260
1356 417117.040624 4121386.650385
1357 417205.927113 4121431.095383
1358 417139.262246 4121508.874129
1359 417217.037924 4121319.982888
1360 417394.810902 4122531.109083
1361 417505.919013 4122542.220333
1362 417405.921713 4122397.774089
1363 417561.473068 4122453.330337
1364 417750.356857 4124108.906512
1365 417805.910913 4124197.796507
1366 417805.910913 4124031.127765
1367 417861.464968 4124120.017761
1368 417950.351457 4124120.017761
1369 418094.792002 4124120.017761
1370 418394.783902 4124108.906512
1371 418228.121735 4124108.906512
1372 417994.794702 4124920.027725
1373 418050.348757 4125031.140220
1374 418083.681191 4124831.137729
1375 418128.124435 4124942.250224
1376 418283.675791 4124953.361473
1377 418494.781202 4125031.140220
1378 419761.413669 4132064.561151
1379 419872.521780 4132175.673646
1380 419861.410969 4131975.671155
1381 419950.297458 4132109.006149
1382 419961.408269 4131931.226157
1383 419939.186647 4131786.779914
1384 420039.183947 4132164.562397
1385 419628.083935 4131142.327443
1386 420172.513680 4133975.696064
1387 420216.956924 4134053.474811
1388 420272.510980 4133886.806068
1389 420305.843413 4133986.807314
1390 420316.954225 4134120.142308
1391 420350.286658 4133797.916072
1392 420861.383969 4134942.374771
1393 420861.383969 4134853.484775
1394 420794.719102 4134709.038531
1395 420761.386669 4134586.814787
1396 420739.165047 4134453.479793
1397 420705.832613 4134331.256048
1398 420683.610991 4134220.143553
1399 420694.721802 4134053.474811
1400 420739.165047 4133886.806068
1401 420761.386669 4133664.581079
1402 420816.940725 4133442.356089
1403 420450.283958 4133764.582324
1404 420594.724502 4133664.581079
1405 421594.697503 4135142.377262
1406 422525.730208 4137242.403416
1407 422614.616697 4137231.292167
1408 422692.392375 4137220.180917
1409 422836.832919 4137231.292167
1410 423003.495086 4137253.514666
1411 422647.949130 4137109.068422
1412 422725.724808 4137020.178426
1413 422814.611297 4136864.620934
1414 423970.135653 4138942.424589
1415 424114.576197 4138986.869587
1416 423925.692408 4138809.089595
1417 424070.132953 4138831.312094
1418 424503.454586 4140886.893251
1419 424559.008642 4140964.671998
1420 424681.227564 4140975.783247
1421 424825.668109 4140975.783247
1422 424925.665409 4140931.338249
1423 424925.665409 4140786.892006
1424 424903.443786 4140675.779511
1425 424903.443786 4140542.444517
1426 424892.332975 4140409.109523
1427 424892.332975 4140297.997028
1428 424925.665409 4140231.329531
1429 425025.662709 4140142.439535
1430 425092.327575 4140064.660789
1431 425203.435686 4140020.215791
1432 425170.103253 4140186.884533
1433 425147.881631 4139897.992046
1434 424958.997842 4141020.228245
1435 424836.778920 4141064.673243
1436 424825.668109 4140809.114505
1437 424736.781620 4140875.782002
1438 424736.781620 4141053.561994
1439 424636.784320 4140853.559503
1440 427325.600609 4140698.002010
1441 427192.270876 4140642.445762
1442 427047.830331 4140564.667016
1443 426870.057354 4140475.777020
1444 426758.949242 4140331.330776
1445 426558.954642 4140209.107032
1446 426370.070853 4139975.770793
1447 429828.311240 4139800.768613
1448 427539.484151 4141606.346656
1449 427517.262529 4141706.347902
1450 427517.262529 4141834.127271
1451 427600.593612 4141623.013530
1452 427739.478751 4141611.902281
1453 427878.363890 4141611.902281
1454 427367.266579 4141911.906017
1455 426614.508698 4143453.591885
1456 426514.511398 4143520.259382
1457 426436.735720 4143586.926879
1458 426403.403287 4143720.261873
1459 426403.403287 4143864.708116
1460 426436.735720 4143986.931861
1461 426536.733020 4144064.710607
1462 426092.300576 4144420.270591
1463 426158.965442 4144331.380595
1464 426203.408687 4144198.045601
1465 426281.184365 4144086.933106
1466 426325.627609 4143953.598112
1467 426292.295176 4143842.485617
1468 426681.173565 4144164.711853
1469 426770.060054 4144275.824348
1470 426914.500598 4144409.159342
1471 427047.830331 4144564.716835
1472 427158.938443 4144653.606831
1473 427281.157365 4144798.053074
1474 427392.265476 4144931.388068
1475 427525.595209 4145020.278064
1476 427603.370887 4145131.390559
1477 427625.592509 4144942.499318
1478 427792.254676 4144931.388068
1479 427981.138465 4144898.054320
1480 427392.265476 4145053.611812
1481 427470.041154 4145164.724307
1482 427570.038454 4145286.948052
1483 427603.370887 4145498.061792
1484 427725.589809 4145075.834311
1485 426414.514098 4144120.266855
1486 427403.376287 4146131.403014
1487 427414.487098 4146020.290519
1488 427503.373587 4146120.291764
1489 427514.484398 4145975.845521
1490 427603.370887 4145875.844275
1491 427681.146565 4145775.843030
1492 427781.143865 4145686.953034
1493 427892.251976 4145564.729289
1494 427970.027654 4145486.950543
1495 427347.822231 4142764.694416
1496 427481.151965 4142742.471917
1497 427570.038454 4142731.360668
1498 427336.711420 4142642.470672
1499 427447.819531 4142553.580676
1500 427536.706020 4142442.468181
1501 436797.569650 4160192.689252
1502 436697.572350 4160137.133004
1503 436619.796672 4160059.354258
1504 436542.020994 4159981.575511
1505 436419.802072 4159859.351767
1506 436319.804772 4159759.350521
1507 436242.029094 4159614.904278
1508 436142.031794 4159514.903032
1509 436075.366928 4159392.679288
1510 435975.369628 4159303.789292
1511 435853.150705 4159203.788046
1512 435719.820972 4159137.120549
1513 435586.491239 4159048.230553
1514 435497.604750 4158948.229308
1515 435453.161505 4158814.894314
1516 435397.607450 4158670.448070
1517 435319.831772 4158548.224326
1518 435142.058794 4158481.556829
1519 435042.061494 4158392.666833
1520 435008.729061 4158270.443089
1521 434997.618250 4158070.440598
1522 434864.288516 4158103.774346
1523 434719.847972 4157992.661851
1524 434508.742561 4157881.549356
1525 434386.523638 4157781.548111
1526 434264.304716 4157703.769364
1527 434164.307416 4157614.879368
1528 434042.088494 4157503.766873
1529 433897.647949 4157392.654378
1530 433853.204705 4157225.985636
1531 433853.204705 4157048.205644
1532 433942.091194 4157048.205644
1533 433930.980383 4156925.981900
1534 433997.645249 4156737.090658
1535 434042.088494 4156570.421916
1536 434086.531738 4156837.091904
1537 434153.196605 4156648.200662
1538 432975.450627 4157103.761891
1539 433042.115494 4157114.873141
1540 433131.001982 4157159.318139
1541 433197.666849 4157225.985636
1542 433308.774960 4157281.541883
1543 433397.661449 4157325.986881
1544 433530.991183 4157292.653133
1545 433608.766860 4157203.763137
1546 433630.988483 4157103.761891
1547 433497.658749 4157370.431879
1548 433619.877671 4157414.876877
1549 433708.764160 4157470.433125
1550 433642.099294 4157314.875632
1551 434375.412827 4158870.450561
1552 434419.856072 4158781.560565
1553 434464.299316 4158681.559320
1554 434530.964183 4158603.780574
1555 434553.185805 4158470.445580
1556 434608.739861 4158348.221835
1557 434630.961483 4158237.109340
1558 434653.183105 4158570.446825
1559 434753.180405 4158570.446825
1560 434897.620950 4158581.558075
1561 433853.204705 4155614.854459
1562 433119.891171 4155914.858195
1563 432519.907371 4155081.514483
1564 432997.672249 4154359.283266
1565 433164.334416 4154737.065749
1566 433986.534438 4156403.753173
1567 433919.869572 4156192.639433
1568 433764.318216 4155970.414443
1569 433697.653349 4155748.189453
1570 433497.658749 4155570.409461
1571 433386.550638 4155337.073222
1572 433186.556038 4155170.404479
1573 433053.226305 4154903.734491
1574 432919.896571 4154637.064503
1575 432753.234405 4154437.062012
1576 432642.126293 4154114.835777
1577 432597.683049 4153692.608296
1578 432431.020882 4153814.832041
1579 432364.356016 4153581.495801
1580 432231.026282 4153348.159562
1581 432186.583038 4153081.489574
1582 432108.807360 4152781.485837
1583 435364.275016 4158948.229308
1584 435275.388527 4158814.894314
1585 435164.280416 4158670.448070
1586 435064.283116 4158581.558075
1587 434942.064194 4158448.223081
1588 434797.623649 4158281.554338
1589 434719.847972 4158137.108095
1590 434575.407427 4158048.218099
1591 434408.745261 4157937.105604
1592 434242.083094 4157881.549356
1593 434075.420927 4157737.103113
1594 433964.312816 4157648.213117
1595 433853.204705 4157514.878123
1596 433719.874971 4157292.653133
1597 433697.653349 4157081.539392
1598 433686.542538 4156870.425652
1599 433708.764160 4156637.089413
1600 433642.099294 4156403.753173
1601 433586.545238 4156237.084431
1602 433442.104694 4156048.193189
1603 433342.107394 4155814.856950
1604 433242.110094 4155637.076958
1605 433131.001982 4155459.296966
1606 433008.783060 4155203.738228
1607 432875.453327 4155059.291984
1608 432742.123593 4154870.400743
1609 432597.683049 4154614.842004
1610 432442.131693 4154292.615769
1611 432353.245204 4154037.057030
1612 432175.472227 4153792.609542
1613 432053.253304 4153548.162053
1614 431986.588438 4153303.714564
1615 431919.923571 4153037.044576
1616 431842.147893 4152825.930835
1617 431642.153293 4152670.373342
1618 431897.701949 4153770.387043
1619 431819.926271 4153425.938308
1620 436686.461539 4160192.689252
1621 436564.242617 4160148.244254
1622 436519.799372 4160081.576757
1623 436419.802072 4159992.686761
1624 436319.804772 4159859.351767
1625 436208.696661 4159681.571775
1626 436064.256116 4159526.014282
1627 435975.369628 4159426.013036
1628 435853.150705 4159359.345539
1629 435764.264216 4159270.455543
1630 435619.823672 4159137.120549
1631 435453.161505 4159026.008054
1632 435153.169605 4158803.783064
1633 435264.277716 4158659.336821
1634 431783.813996 4152234.256800
1635 431778.258591 4152312.035546
1636 431778.258591 4152412.036792
1637 431778.258591 4152523.149287
1638 431489.377502 4152600.928033
1639 431394.935607 4152550.927410
1640 431356.047768 4152489.815538
1641 431294.938307 4152434.259291
1642 431211.607224 4152367.591794
1643 431183.830196 4152284.257422
1644 431111.609924 4152228.701175
1645 431050.500463 4152145.366804
1646 431028.278841 4152056.476808
1647 430972.724785 4151989.809311
1648 430889.393702 4151862.029941
1649 430822.728835 4151756.473071
1650 430811.618024 4151656.471826
1651 430728.286941 4151534.248081
1652 430628.289640 4151439.802461
1653 430517.181529 4151378.690588
1654 430433.850446 4151300.911842
1655 430333.853146 4151206.466221
1656 430261.632874 4151173.132473
1657 430150.524763 4151089.798101
1658 430022.750435 4151045.353103
1659 429889.420701 4151000.908106
1660 429817.200429 4150973.129982
1661 429767.201779 4150878.684361
1662 431578.263991 4152423.148041
1663 431422.712635 4152400.925542
1664 431333.826146 4152362.036169
1665 431278.272091 4152273.146173
1666 431194.941007 4152184.256177
1667 431133.831546 4152112.033055
1668 431044.945057 4151956.475562
1669 431000.501813 4151878.696816
1670 430933.836946 4151928.697438
1671 430950.503163 4151784.251195
1672 430917.170729 4151706.472449
1673 430878.282891 4151628.693702
1674 430828.284241 4151539.803706
1675 430761.619374 4151428.691211
1676 430711.620724 4151356.468089
1677 430644.955857 4151267.578093
1678 430572.735585 4151206.466221
1679 430500.515313 4151184.243722
1680 430428.295040 4151073.131227
1681 430272.743685 4151062.019978
1682 430228.300440 4150984.241231
1683 430083.859896 4150978.685607
1684 430033.861246 4150900.906860
1685 429917.197729 4150867.573112
1686 429944.974757 4150962.018732
1687 430417.184229 4151150.909974
1688 430572.735585 4151306.467467
1689 431483.822096 4152484.259913
1690 432228.246441 4152823.153023
1691 430556.069368 4151123.131850
1692 429894.976107 4150778.683116
1693 429822.755835 4150706.459994
1694 429778.312590 4150623.125623
1695 429728.313940 4150517.568752
1696 429772.757185 4150817.572489
1697 429678.315290 4150723.126868
1698 429667.204479 4150656.459371
1699 429583.873396 4150556.458126
1700 429550.540962 4150462.012505
1701 429689.426101 4150428.678756
1702 429456.099068 4150312.010637
1703 429428.322040 4150189.786892
1704 429467.209879 4150023.118150
1705 429539.430151 4149889.783156
1706 429611.650424 4149767.559411
1707 429689.426101 4149667.558166
1708 429694.981507 4149517.556298
1709 429650.538262 4149411.999427
1710 429583.873396 4149339.776306
1711 429494.986907 4149250.886310
1712 429400.545012 4149161.996314
1713 429300.547712 4149061.995068
1714 429222.772035 4149023.105695
1715 429039.443651 4148967.549448
1716 429133.885546 4148950.882573
1717 429044.999057 4148861.992577
1718 428978.334190 4148745.324458
1719 428900.558512 4148628.656338
1720 428778.339590 4148528.655093
1721 428661.676073 4148417.542598
1722 429650.538262 4150300.899387
1723 429628.316640 4150100.896896
1724 429628.316640 4150178.675643
1725 429628.316640 4149967.561902
1726 429722.758535 4149856.449407
1727 429806.089618 4149756.448162
1728 429850.532863 4149628.668793
1729 429928.308540 4149462.000050
1730 429961.640974 4149584.223795
1731 429883.865296 4149361.998805
1732 429794.978807 4149278.664434
1733 429717.203129 4149200.885687
1734 429644.982857 4149089.773192
1735 429500.542312 4149039.772569
1736 429417.211229 4148961.993823
1737 429306.103118 4148889.770701
1738 429233.882846 4148773.102581
1739 429150.551762 4148673.101336
1740 429144.996357 4148523.099468
1741 429072.776085 4148456.431971
1742 429017.222029 4148311.985727
1743 428956.112568 4148167.539484
1744 428856.115268 4148034.204490
1745 428772.784184 4147934.203244
1746 428711.674723 4147773.090127
1747 429722.758535 4149300.886933
1748 429583.873396 4149173.107563
1749 429361.657174 4149034.216945
1750 429194.995007 4148900.881951
1751 429100.553112 4148745.324458
1752 429017.222029 4148573.100091
1753 428889.447701 4148373.097600
1754 428778.339590 4148161.983859
1755 428467.236879 4148228.651356
1756 428322.796334 4148145.316985
1757 428167.244979 4148045.315739
1758 428006.138218 4148028.648865
1759 428089.469301 4147906.425121
1760 428006.138218 4147806.423875
1761 428578.344990 4148328.652602
1762 428650.565262 4148206.428857
1763 428800.561212 4148289.763228
1764 428922.780135 4148506.432594
1765 428572.789584 4148161.983859
1766 428489.458501 4148111.983236
1767 428389.461201 4148067.538238
1768 428311.685523 4148034.204490
1769 428233.909845 4147911.980745
1770 428245.020657 4147778.645752
1771 428272.797684 4147650.866382
1772 428300.574712 4147506.420139
1773 428345.017957 4147373.085145
1774 428378.350390 4147211.972027
1775 428428.349040 4147123.082031
1776 428467.236879 4147184.193903
1777 428456.126068 4147328.640147
1778 428456.126068 4147473.086390
1779 428495.013907 4147628.643883
1780 428528.346340 4147761.978877
1781 428583.900396 4147967.536993
1782 428628.343640 4148089.760737
1783 427978.361190 4147728.645129
1784 427961.694973 4147634.199508
1785 427961.694973 4147495.308889
1786 428039.470651 4147334.195772
1787 428078.358490 4147217.527652
1788 428117.246329 4147078.637033
1789 428167.244979 4146945.302039
1790 428217.243629 4146795.300171
1791 428272.797684 4146667.520802
1792 428300.574712 4146539.741433
1793 428289.463901 4146395.295189
1794 428550.567962 4148228.651356
1795 428372.794984 4148217.540107
1796 428278.353090 4148050.871364
1797 428083.913895 4147984.203867
1798 428145.023357 4147800.868251
1799 428111.690923 4147673.088881
1800 428167.244979 4147517.531388
1801 428189.466601 4147406.418893
1802 428256.131468 4147228.638901
1803 428317.240929 4147084.192658
1804 428389.461201 4146956.413289
1805 428061.692273 4147556.420762
1806 428100.580112 4147406.418893
1807 428183.911195 4147273.083899
1808 428200.577412 4147134.193281
1809 428278.353090 4146978.635788
1810 428300.574712 4146834.189544
1811 428261.686873 4147339.751396
1812 428211.688223 4147634.199508
1813 428167.244979 4147934.203244
1814 427989.472001 4147906.425121
1815 427878.363890 4147700.867005
1816 427900.585512 4147584.198885
1817 428417.238229 4148117.538861
1818 428450.570662 4148289.763228
1819 428633.899046 4148245.318230
1820 428717.230129 4148306.430103
1821 428711.674723 4148206.428857
1822 428633.899046 4148317.541352
1823 428217.243629 4148134.205735
1824 428100.580112 4148067.538238
1825 428689.453101 4148117.538861
1826 428661.676073 4147989.759492
1827 428611.677423 4147850.868873
1828 428572.789584 4147739.756378
1829 428550.567962 4147628.643883
1830 428522.790934 4147506.420139
1831 428506.124718 4147400.863269
1832 428500.569312 4147267.528275
1833 428500.569312 4147161.971404
1834 428756.117968 4148023.093240
1835 428689.453101 4147850.868873
1836 428650.565262 4147678.644506
1837 428617.232829 4147539.753887
1838 428589.455801 4147434.197017
1839 428583.900396 4147328.640147
1840 428572.789584 4147239.750151
1841 428700.563912 4147578.643261
1842 428683.897696 4147423.085768
1843 428700.563912 4147300.862023
1844 428711.674723 4147206.416402
1845 428733.896346 4147117.526406
1846 428628.343640 4147267.528275
1847 428761.673373 4147845.313248
1848 428800.561212 4148111.983236
1849 428872.781485 4148184.206358
1850 428800.561212 4148245.318230
1851 428733.896346 4148373.097600
1852 428622.788234 4147173.082654
1853 428550.567962 4147117.526406
1854 428483.903096 4147084.192658
1855 428389.461201 4147061.970159
1856 428461.681473 4147006.413912
1857 428550.567962 4147028.636410
1858 428639.454451 4147061.970159
1859 429267.215279 4147489.753265
1860 429706.092318 4147917.536370
1861 429556.096368 4147661.977632
1862 429778.312590 4148161.983859
1863 433580.987266 4151375.912776
1864 433692.095377 4151442.580273
1865 433814.314300 4151520.359019
1866 433936.533222 4151642.582764
1867 434058.752144 4151753.695259
1868 434180.971066 4151853.696504
1869 434358.744044 4151998.142748
1870 433436.546722 4152009.253997
1871 433392.103477 4152109.255243
1872 433469.879155 4152253.701486
1873 433614.319700 4152331.480233
1874 433780.981866 4152342.591482
1875 433125.444011 4152209.256488
1876 433247.662933 4152298.146484
1877 433392.103477 4152420.370229
1878 433580.987266 4152509.260225
1879 433758.760244 4152587.038971
1880 433280.995366 4152675.928967
1881 433258.773744 4152142.588991
1882 433658.762944 4151564.804017
1883 433847.646733 4151298.134030
1884 434025.419711 4151375.912776
1885 434392.076478 4151353.690277
1886 434503.184589 4151498.136520
1887 434236.525122 4151364.801527
1888 435014.281900 4151453.691522
1889 434780.954867 4150987.019044
1890 434647.625133 4150598.125311
1891 434847.619733 4150742.571555
1892 434914.284600 4150364.789072
1893 434914.284600 4149987.006589
1894 436825.344111 4156442.642546
1895 436714.236000 4156398.197548
1896 436647.571134 4156309.307552
1897 436592.017078 4156175.972559
1898 436614.238700 4156587.088790
1899 436592.017078 4156487.087544
1900 436525.352211 4156431.531297
1901 436380.911667 4156342.641301
1902 436525.352211 4156264.862554
1903 436747.568434 4156542.643792
1904 438147.530634 4154364.838891
1905 437991.979278 4154342.616392
1906 437869.760356 4154231.503897
1907 437747.541434 4154209.281398
1908 437558.657645 4154075.946404
1909 437347.552234 4153987.056408
1910 438103.087390 4154209.281398
1911 438003.090090 4153975.945158
1912 437936.425223 4153653.718923
1913 437825.317112 4153309.270188
1914 438103.087390 4153587.051426
1915 439036.395523 4153387.048935
1916 439069.727956 4153309.270188
1917 439125.282012 4153175.935194
1918 439147.503634 4152964.821454
1919 440191.919879 4151887.030253
1920 440136.365823 4151953.697750
1921 439980.814468 4152009.253997
1922 439814.152301 4151342.579028
1923 439669.711757 4151409.246525
1924 439480.827968 4151420.357774
1925 439655.823670 4149973.117527
1926 440183.587198 4149339.776306
1927 440094.700709 4149323.109432
1928 439616.935832 4149900.894405
1929 441166.893982 4149228.663811
1930 441161.338576 4149134.218190
1931 441155.783171 4149067.550693
1932 441089.118304 4148956.438198
1933 441011.342626 4148811.991955
1934 440872.457487 4148689.768210
1935 440739.127754 4148517.543843
1936 441305.779121 4148500.876969
1937 441316.889932 4148611.989464
1938 445747.325436 4156064.860064
1939 445780.657869 4155887.080072
1940 445813.990303 4155642.632583
1941 445836.211925 4155409.296343
1942 445913.987603 4155075.958858
1943 445913.987603 4154742.621373
1944 446036.206525 4154331.505142
1945 446080.649769 4153787.053917
1946 457683.602007 4147992.537304
1947 457483.607407 4147859.202310
1948 457216.947941 4147748.089815
1949 456816.958740 4147592.532322
1950 456483.634407 4147414.752330
1951 455994.758718 4147370.307333
1952 455372.553296 4147125.859844
1953 454661.461384 4147059.192347
1954 431864.366094 4099469.710753
1955 431797.701227 4099691.935743
1956 431731.036360 4099936.383232
1957 431553.263383 4100247.498218
1958 431464.376894 4100625.280701
1959 431264.382294 4101091.953179
1960 431153.274182 4101558.625658
1961 430731.063360 4102225.300628
1962 422994.659703 4111664.307075
1963 421261.373169 4109753.172162
1964 421083.600191 4109719.838414
1965 420416.951525 4109564.280921
1966 418217.010924 4107908.704746
1967 421072.489380 4109053.163444
1968 428341.743112 4117606.047744
1969 428308.410678 4117667.159616
1970 428230.635001 4117761.605237
1971 428163.970134 4117850.495233
1972 428136.193106 4117983.830227
1973 428047.306617 4118078.275847
1974 427913.976884 4118233.833340
1975 428369.520139 4117706.048989
1976 428319.521489 4117844.939608
1977 428313.966084 4117939.385229
1978 428275.078245 4118039.386474
1979 428236.190406 4118133.832095
1980 428219.524189 4118283.833963
1981 428247.301217 4118372.723959
1982 428625.068795 4118867.174562
1983 428575.070145 4118833.840813
1984 428513.960684 4118767.173316
1985 428130.637701 4117444.934626
1986 428058.417428 4117406.045253
1987 427963.975534 4117406.045253
1988 428063.972834 4117078.263393
1989 427758.425528 4117833.828358
1990 428830.618801 4117156.042139
1991 427080.666050 4117978.274602
1992 427269.549839 4118078.275847
1993 427397.324167 4118150.498969
1994 427619.540389 4118233.833340
1995 427741.759312 4118322.723336
1996 427952.864723 4118383.835208
1997 428180.636351 4118439.391456
1998 428375.075545 4118467.169580
1999 428602.847173 4118417.168957
2000 428813.952584 4118256.055839
2001 429002.836373 4118117.165221
2002 429230.608001 4118867.174562
2003 429030.613401 4118733.839568
2004 428825.063395 4118672.727695
2005 428547.293117 4118672.727695
2006 428313.966084 4118639.393947
2007 428147.303917 4118639.393947
2008 427963.975534 4118578.282075
2009 427819.534989 4118522.725827
2010 427591.763362 4118450.502705
2011 427408.434978 4118406.057707
2012 427247.328217 4118356.057085
2013 427008.445778 4118306.056462
2014 426802.895772 4118228.277715
2015 427063.999834 4118117.165221
2016 427252.883623 4118217.166466
2017 427463.989034 4118328.278961
2018 427736.203906 4118400.502083
2019 428069.528239 4118478.280829
2020 428319.521489 4118544.948326
2021 428519.516090 4118550.503951
2022 428730.621501 4118533.837077
2023 428925.060695 4118472.725204
2024 429158.387729 4118400.502083
2025 429302.828273 4118311.612087
2026 428380.630951 4118772.728941
2027 428452.851223 4118639.393947
2028 428502.849873 4118339.390210
2029 428063.972834 4118256.055839
2030 427769.536339 4118211.610841
2031 427863.978234 4118378.279584
2032 427713.982284 4118528.281452
2033 427575.097145 4118100.498346
2034 427486.210656 4118217.166466
2035 427341.770111 4118278.278338
2036 427130.664700 4118217.166466
2037 428392.238476 4128253.402574
2038 428670.008754 4128275.625073
2039 428903.335787 4128308.958821
2040 429103.330387 4128286.736322
2041 429258.881743 4128064.511332
2042 429358.879043 4127886.731340
2043 429481.097965 4127653.395101
2044 430147.746632 4128408.960067
2045 429769.979054 4128364.515069
2046 429536.652021 4128286.736322
2047 429336.657421 4128308.958821
2048 429247.770932 4128442.293815
2049 429169.995254 4128608.962558
2050 429158.884443 4128897.855045
2051 429181.106065 4129108.968785
2052 429225.549310 4128253.402574
2053 429158.884443 4128153.401328
2054 429403.322287 4128197.846326
2055 429425.543910 4128008.955085
2056 429158.884443 4128420.071316
2057 429003.333087 4128486.738813
2058 428981.111465 4128342.292570
2059 430047.749332 4128697.852554
2060 429969.973654 4128764.520051
2061 429881.087165 4128864.521296
2062 430392.184477 4128508.961312
2063 429347.768232 4126297.822662
2064 429136.662821 4126286.711413
2065 428903.335787 4126231.155165
2066 428658.897943 4123431.120292
2067 428514.457398 4123520.010288
2068 429314.435799 4123853.347773
2069 429558.873643 4123642.234033
2070 429692.203376 4125553.368946
2071 429903.308788 4125608.925194
2072 429314.435799 4128531.183811
2073 428892.224976 4128386.737568
2074 429514.430399 4128097.845081
2075 429292.214176 4127742.285097
2076 435803.149489 4134020.141062
2077 435647.598133 4133631.247330
2078 435647.598133 4133297.909845
2079 436003.144089 4134131.253557
2080 435780.927867 4133775.693574
2081 435947.590034 4133686.803578
2082 434269.857555 4132731.236121
2083 434192.081878 4132875.682364
2084 435280.941367 4133875.694819
2085 435080.946767 4133986.807314
2086 436003.144089 4136586.839696
2087 436058.698145 4136742.397189
2088 436092.030578 4136931.288431
2089 436203.138689 4136742.397189
2090 436236.471122 4136931.288431
2091 440091.922579 4144609.161833
2092 439925.260412 4144642.495581
2093 439736.376623 4144753.608076
2094 440069.700957 4145042.500563
2095 439714.155001 4144020.265609
2096 416040.845386 4108086.314601
2097 416875.135151 4107625.791504
2098 417709.424916 4107165.268407
2099 418543.714681 4106704.745310
2100 419378.004445 4106244.222213
2101 420212.294210 4105783.699116
2102 421046.583975 4105323.176019
2103 421880.873740 4104862.652922
2104 422715.163505 4104402.129825
2105 423549.453270 4103941.606728
2106 424383.743035 4103481.083632
2107 425218.032800 4103020.560535
2108 426052.322565 4102560.037438
2109 426886.612330 4102099.514341
2110 427720.902095 4101638.991244
2111 428555.191859 4101178.468147
2112 429389.481624 4100717.945050
2113 430223.771389 4100257.421953
2114 431058.061154 4099796.898856
2115 457934.160960 4148009.327500
2116 431900.717130 4099356.715937
2117 433636.280052 4102600.223375
2118 435371.842974 4105843.730812
2119 437107.405896 4109087.238250
2120 438842.968818 4112330.745687
2121 440578.531740 4115574.253125
2122 442314.094662 4118817.760562
2123 444049.657584 4122061.268000
2124 445785.220506 4125304.775437
2125 447520.783428 4128548.282875
2126 449256.346350 4131791.790312
2127 450991.909272 4135035.297750
2128 452727.472194 4138278.805187
2129 454463.035116 4141522.312625
2130 456198.598038 4144765.820062
1 1 2
2 2 3
3 3 4
4 4 5
5 5 6
6 6 7
7 7 8
8 8 9
9 9 10
10 10 11
11 11 12
12 12 13
13 13 14
14 14 15
15 15 16
16 16 17
17 17 18
18 18 19
19 19 20
20 20 21
21 21 22
22 22 23
23 23 24
24 24 25
25 25 26
26 26 27
27 27 28
28 28 29
29 29 30
30 30 31
31 31 32
32 32 33
33 33 34
34 34 35
35 35 36
36 37 38
37 38 39
38 39 40
39 40 41
40 41 42
41 42 43
42 43 44
43 45 46
44 46 47
45 47 48
46 48 49
47 49 50
48 50 51
49 51 52
50 52 53
51 53 54
52 54 55
53 55 56
54 56 57
55 57 58
56 58 59
57 59 60
58 60 61
59 61 62
60 62 63
61 63 64
62 64 65
63 65 66
64 66 67
65 67 68
66 68 69
67 69 70
68 70 71
69 71 72
70 72 73
71 73 74
72 74 75
73 75 76
74 76 77
75 77 78
76 78 79
77 79 80
78 80 81
79 81 82
80 82 83
81 83 84
82 84 85
83 85 86
84 86 87
85 87 88
86 88 89
87 89 90
88 90 91
89 91 92
90 92 93
91 93 94
92 94 95
93 95 96
94 96 97
95 97 98
96 98 99
97 99 100
98 100 101
99 101 102
100 102 103
101 103 104
102 104 105
103 105 106
104 106 107
105 107 108
106 108 109
107 109 110
108 110 111
109 111 112
110 112 113
111 113 114
112 114 115
113 115 116
114 116 117
115 117 118
116 118 119
117 119 120
118 120 121
119 121 122
120 122 123
121 123 124
122 124 125
123 125 126
124 126 127
125 127 128
126 128 129
127 129 130
128 130 131
129 131 132
130 132 133
131 133 134
132 134 135
133 135 136
134 136 137
135 137 138
136 138 139
137 139 140
138 140 141
139 141 142
140 142 143
141 143 144
142 144 145
143 145 146
144 146 147
145 147 148
146 149 150
147 150 151
148 151 152
149 152 153
150 153 154
151 154 155
152 155 156
153 156 157
154 157 158
155 158 159
156 159 160
157 160 161
158 161 162
159 162 163
160 163 164
161 164 165
162 165 166
163 166 167
164 167 168
165 168 169
166 169 170
167 170 171
168 171 172
169 172 173
170 173 174
171 174 175
172 175 176
173 176 177
174 177 178
175 178 179
176 179 180
177 180 181
178 181 182
179 182 183
180 183 184
181 184 185
182 185 186
183 186 187
184 187 188
185 188 189
186 189 190
187 190 191
188 191 192
189 192 193
190 193 194
191 194 195
192 195 196
193 196 197
194 197 198
195 198 199
196 199 200
197 200 201
198 201 202
199 202 203
200 203 204
201 204 205
202 205 206
203 206 207
204 207 208
205 208 209
206 209 210
207 210 211
208 211 212
209 212 213
210 213 214
211 214 215
212 215 216
213 216 217
214 217 218
215 218 219
216 219 220
217 220 221
218 221 222
219 222 223
220 223 224
221 224 225
222 225 226
223 226 227
224 227 228
225 228 229
226 229 230
227 230 231
228 231 232
229 232 233
230 233 234
231 234 235
232 235 236
233 236 237
234 237 238
235 238 239
236 239 240
237 240 241
238 241 242
239 242 243
240 243 244
241 244 245
242 245 246
243 246 247
244 247 248
245 248 249
246 249 250
247 250 251
248 251 252
249 252 253
250 253 254
251 254 255
252 255 256
253 256 257
254 257 258
255 258 259
256 259 260
257 260 261
258 261 262
259 262 263
260 263 264
261 264 265
262 265 266
263 266 267
264 267 268
265 268 269
266 269 270
267 270 271
268 271 272
269 272 273
270 273 274
271 274 275
272 275 276
273 276 277
274 277 278
275 278 279
276 279 280
277 280 281
278 281 282
279 282 283
280 283 284
281 284 285
282 285 286
283 286 287
284 287 288
285 289 290
286 290 291
287 291 292
288 292 293
289 293 294
290 294 295
291 295 296
292 296 297
293 297 298
294 298 299
295 299 300
296 300 301
297 301 302
298 302 303
299 303 304
300 304 305
301 305 306
302 306 307
303 307 308
304 308 309
305 309 310
306 310 311
307 311 312
308 312 313
309 313 314
310 314 315
311 315 316
312 316 317
313 317 318
314 318 319
315 319 320
316 320 321
317 321 322
318 322 323
319 323 324
320 324 325
321 325 326
322 326 327
323 327 328
324 328 329
325 329 330
326 330 331
327 331 332
328 332 333
329 333 334
330 334 335
331 335 336
332 336 337
333 337 338
334 338 339
335 339 340
336 340 341
337 341 342
338 342 343
339 343 344
340 344 345
341 345 346
342 346 347
343 347 348
344 348 349
345 349 350
346 350 351
347 351 352
348 352 353
349 353 354
350 354 355
351 355 356
352 356 357
353 358 359
354 359 360
355 360 361
356 361 362
357 362 363
358 363 364
359 364 365
360 365 366
361 366 367
362 367 368
363 368 369
364 370 371
365 371 372
366 372 373
367 373 374
368 374 375
369 375 376
370 376 377
371 377 378
372 378 379
373 379 380
374 380 381
375 381 382
376 382 383
377 383 384
378 384 385
379 385 386
380 386 387
381 387 388
382 388 389
383 389 390
384 390 391
385 391 392
386 392 393
387 393 394
388 394 395
389 395 396
390 396 397
391 397 398
392 398 399
393 399 400
394 400 401
395 401 402
396 402 403
397 403 404
398 404 405
399 405 406
400 406 407
401 407 408
402 408 409
403 409 410
404 410 411
405 411 412
406 412 413
407 413 414
408 414 415
409 415 416
410 416 417
411 417 418
412 418 419
413 419 420
414 420 421
415 421 422
416 422 423
417 423 424
418 424 425
419 425 426
420 426 427
421 427 428
422 428 429
423 429 430
424 430 431
425 431 432
426 432 433
427 433 434
428 434 435
429 435 436
430 436 437
431 437 438
432 438 439
433 439 440
434 440 441
435 441 442
436 442 443
437 443 444
438 444 445
439 445 446
440 446 447
441 447 448
442 448 449
443 449 450
444 450 451
445 451 452
446 452 453
447 453 454
448 454 455
449 455 456
450 456 457
451 457 458
452 458 459
453 459 460
454 460 461
455 461 462
456 462 463
457 463 464
458 464 465
459 465 466
460 466 467
461 467 468
462 468 469
463 469 470
464 470 471
465 471 472
466 472 473
467 473 474
468 474 475
469 475 476
470 476 477
471 477 478
472 478 479
473 479 480
474 480 481
475 481 482
476 482 483
477 483 484
478 484 485
479 485 486
480 486 487
481 487 488
482 488 489
483 489 490
484 490 491
485 491 492
486 492 493
487 493 494
488 494 495
489 495 496
490 496 497
491 497 498
492 498 499
493 499 500
494 500 501
495 501 502
496 502 503
497 503 504
498 504 505
499 505 506
500 506 507
501 507 508
502 508 509
503 509 510
504 510 511
505 511 512
506 512 513
507 513 514
508 514 515
509 515 516
510 516 517
511 517 518
512 518 519
513 519 520
514 520 521
515 521 522
516 522 523
517 523 524
518 524 525
519 525 526
520 526 527
521 527 528
522 528 529
523 529 530
524 530 531
525 531 532
526 532 533
527 533 534
528 534 535
529 535 536
530 536 537
531 537 538
532 538 539
533 539 540
534 540 541
535 541 542
536 542 543
537 543 544
538 544 545
539 545 546
540 546 547
541 547 548
542 548 549
543 549 550
544 550 551
545 551 552
546 552 553
547 553 554
548 554 555
549 555 556
550 556 557
551 557 558
552 558 559
553 559 560
554 560 561
555 561 562
556 562 563
557 563 564
558 564 565
559 565 566
560 566 567
561 567 568
562 568 569
563 569 570
564 570 571
565 571 572
566 572 573
567 573 574
568 574 575
569 575 576
570 576 577
571 577 578
572 578 579
573 579 580
574 580 581
575 581 582
576 582 583
577 583 584
578 584 585
579 585 586
580 586 587
581 587 588
582 588 589
583 589 590
584 590 591
585 591 592
586 592 593
587 593 594
588 594 595
589 595 596
590 596 597
591 597 598
592 598 599
593 599 600
594 600 601
595 601 602
596 602 603
597 603 604
598 604 605
599 605 606
600 606 607
601 607 608
602 608 609
603 609 610
604 610 611
605 611 612
606 612 613
607 613 614
608 614 615
609 615 616
610 616 617
611 617 618
612 618 619
613 619 620
614 620 621
615 621 622
616 622 623
617 623 624
618 624 625
619 625 626
620 626 627
621 627 628
622 628 629
623 629 630
624 630 631
625 631 632
626 632 633
627 633 634
628 634 635
629 635 636
630 636 637
631 637 638
632 638 639
633 639 640
634 640 641
635 641 642
636 642 643
637 643 644
638 644 645
639 645 646
640 646 647
641 647 648
642 648 649
643 649 650
644 650 651
645 651 652
646 652 653
647 653 654
648 654 655
649 655 656
650 656 657
651 657 658
652 658 659
653 659 660
654 660 661
655 661 662
656 662 663
657 663 664
658 664 665
659 665 666
660 666 667
661 667 668
662 668 669
663 669 670
664 670 671
665 671 672
666 673 674
667 674 675
668 675 676
669 676 677
670 677 678
671 678 679
672 679 680
673 680 681
674 681 682
675 682 683
676 683 684
677 684 685
678 685 686
679 686 687
680 687 688
681 688 689
682 689 690
683 690 691
684 691 692
685 692 693
686 693 694
687 694 695
688 695 696
689 696 697
690 697 698
691 698 699
692 699 700
693 700 701
694 701 702
695 702 703
696 703 704
697 704 705
698 705 706
699 706 707
700 707 708
701 708 709
702 709 710
703 710 711
704 711 712
705 712 713
706 713 714
707 714 715
708 715 716
709 716 717
710 717 718
711 718 719
712 719 720
713 720 721
714 721 722
715 722 723
716 723 724
717 724 725
718 725 726
719 726 727
720 727 728
721 728 729
722 729 730
723 730 731
724 731 732
725 732 733
726 733 734
727 734 735
728 735 736
729 736 737
730 737 738
731 738 739
732 739 740
733 740 741
734 741 742
735 743 744
736 744 745
737 745 746
738 746 747
739 747 748
740 748 749
741 749 750
742 750 751
743 751 752
744 752 753
745 753 754
746 754 755
747 755 756
748 756 757
749 757 758
750 758 759
751 759 760
752 760 761
753 761 762
754 762 763
755 763 764
756 764 765
757 765 766
758 766 767
759 767 768
760 768 769
761 769 770
762 770 771
763 771 772
764 772 773
765 773 774
766 774 775
767 775 776
768 776 777
769 777 778
770 778 779
771 779 780
772 780 781
773 782 783
774 783 784
775 784 785
776 785 786
777 786 787
778 787 788
779 788 789
780 789 790
781 790 791
782 791 792
783 792 793
784 793 794
785 794 795
786 795 796
787 796 797
788 797 798
789 798 799
790 799 800
791 800 801
792 801 802
793 802 803
794 803 804
795 804 805
796 805 806
797 806 807
798 807 808
799 808 809
800 809 810
801 810 811
802 811 812
803 812 813
804 814 815
805 815 816
806 816 817
807 817 818
808 818 819
809 819 820
810 820 821
811 821 822
812 822 823
813 823 824
814 824 825
815 825 826
816 826 827
817 827 828
818 828 829
819 829 830
820 830 831
821 831 832
822 833 834
823 834 835
824 835 836
825 836 837
826 837 838
827 838 839
828 839 840
829 840 841
830 841 842
831 842 843
832 843 844
833 844 845
834 845 846
835 846 847
836 847 848
837 848 849
838 849 850
839 850 851
840 851 852
841 852 853
842 853 854
843 854 855
844 855 856
845 856 857
846 857 858
847 858 859
848 859 860
849 860 861
850 861 862
851 862 863
852 863 864
853 864 865
854 865 866
855 866 867
856 867 868
857 868 869
858 869 870
859 870 871
860 871 872
861 874 875
862 877 878
863 878 879
864 879 880
865 880 881
866 881 882
867 882 883
868 883 884
869 884 885
870 885 886
871 886 887
872 887 888
873 888 889
874 889 890
875 890 891
876 891 892
877 892 893
878 893 894
879 894 895
880 895 896
881 896 897
882 897 898
883 898 899
884 899 900
885 900 901
886 901 902
887 902 903
888 903 904
889 904 905
890 905 906
891 906 907
892 907 908
893 909 910
894 910 911
895 911 912
896 912 913
897 913 914
898 914 915
899 915 916
900 916 917
901 917 918
902 918 919
903 919 920
904 920 921
905 921 922
906 923 924
907 924 925
908 925 926
909 926 927
910 927 928
911 928 929
912 929 930
913 930 931
914 931 932
915 932 933
916 933 934
917 934 935
918 935 936
919 936 937
920 937 938
921 939 940
922 940 941
923 941 942
924 942 943
925 943 944
926 944 945
927 945 946
928 946 947
929 947 948
930 948 949
931 949 950
932 950 951
933 951 952
934 952 953
935 953 954
936 954 955
937 955 956
938 956 957
939 958 959
940 959 960
941 960 961
942 962 963
943 963 964
944 964 965
945 965 966
946 966 967
947 967 968
948 968 969
949 969 970
950 970 971
951 971 972
952 972 973
953 973 974
954 974 975
955 975 976
956 976 977
957 977 978
958 978 979
959 980 981
960 981 982
961 982 983
962 983 984
963 984 985
964 985 986
965 986 987
966 987 988
967 988 989
968 989 990
969 990 991
970 991 992
971 992 993
972 993 994
973 994 995
974 995 996
975 996 997
976 997 998
977 998 999
978 999 1000
979 1000 1001
980 1001 1002
981 1002 1003
982 1003 1004
983 1004 1005
984 1005 1006
985 1006 1007
986 1007 1008
987 1008 1009
988 1009 1010
989 1010 1011
990 1011 1012
991 1012 1013
992 1013 1014
993 1014 1015
994 1015 1016
995 1016 1017
996 1017 1018
997 1018 1019
998 1019 1020
999 1020 1021
1000 1021 1022
1001 1022 1023
1002 1023 1024
1003 1024 1025
1004 1025 1026
1005 1026 1027
1006 1027 1028
1007 1028 1029
1008 1029 1030
1009 1030 1031
1010 1031 1032
1011 1032 1033
1012 1033 1034
1013 1034 1035
1014 1037 1038
1015 1038 1039
1016 1039 1040
1017 1040 1041
1018 1041 1042
1019 1042 1043
1020 1043 1044
1021 1044 1045
1022 1045 1046
1023 1046 1047
1024 1047 1048
1025 1048 1049
1026 1049 1050
1027 1050 1051
1028 1051 1052
1029 1052 1053
1030 1053 1054
1031 1054 1055
1032 1055 1056
1033 1057 1058
1034 1058 1059
1035 1059 1060
1036 1060 1061
1037 1063 1064
1038 1064 1065
1039 1065 1066
1040 1066 1067
1041 1067 1068
1042 1068 1069
1043 1069 1070
1044 1070 1071
1045 1071 1072
1046 1072 1073
1047 1073 1074
1048 1074 1075
1049 1075 1076
1050 1076 1077
1051 1077 1078
1052 1078 1079
1053 1079 1080
1054 1080 1081
1055 1081 1082
1056 1082 1083
1057 1083 1084
1058 1084 1085
1059 1085 1086
1060 1086 1087
1061 1087 1088
1062 1088 1089
1063 1089 1090
1064 1090 1091
1065 1091 1092
1066 1092 1093
1067 1093 1094
1068 1094 1095
1069 1095 1096
1070 1096 1097
1071 1097 1098
1072 1099 1100
1073 1100 1101
1074 1101 1102
1075 1102 1103
1076 1103 1104
1077 1104 1105
1078 1105 1106
1079 1107 1108
1080 1108 1109
1081 1109 1110
1082 1110 1111
1083 1111 1112
1084 1112 1113
1085 1113 1114
1086 1114 1115
1087 1115 1116
1088 1116 1117
1089 1117 1118
1090 1118 1119
1091 1119 1120
1092 1120 1121
1093 1122 1123
1094 1123 1124
1095 1124 1125
1096 1125 1126
1097 1126 1127
1098 1127 1128
1099 1128 1129
1100 1133 1134
1101 1134 1135
1102 1135 1136
1103 1136 1137
1104 1137 1138
1105 1138 1139
1106 1139 1140
1107 1140 1141
1108 1141 1142
1109 1142 1143
1110 1143 1144
1111 1144 1145
1112 1145 1146
1113 1146 1147
1114 1149 1150
1115 1150 1151
1116 1151 1152
1117 1152 1153
1118 1153 1154
1119 1154 1155
1120 1155 1156
1121 1156 1157
1122 1157 1158
1123 1158 1159
1124 1159 1160
1125 1160 1161
1126 1162 1163
1127 1163 1164
1128 1164 1165
1129 1165 1166
1130 1166 1167
1131 1167 1168
1132 1169 1170
1133 1170 1171
1134 1171 1172
1135 1172 1173
1136 1173 1174
1137 1174 1175
1138 1175 1176
1139 1176 1177
1140 1177 1178
1141 1178 1179
1142 1179 1180
1143 1187 1188
1144 1188 1189
1145 1189 1190
1146 1190 1191
1147 1191 1192
1148 1192 1193
1149 1193 1194
1150 1194 1195
1151 1195 1196
1152 1197 1198
1153 1198 1199
1154 1199 1200
1155 1200 1201
1156 1202 1203
1157 1203 1204
1158 1204 1205
1159 1205 1206
1160 1206 1207
1161 1208 1209
1162 980 979
1163 962 961
1164 1037 781
1165 743 742
1166 357 358
1167 1186 1187
1168 1213 1212
1169 1212 1209
1170 1208 1210
1171 1210 1211
1172 1211 1201
1173 1197 1213
1174 1207 1214
1175 1214 1215
1176 1215 1216
1177 1216 1217
1178 1217 1218
1179 1218 1219
1180 1219 1220
1181 1220 1202
1182 957 1221
1183 1221 1222
1184 1222 1223
1185 1223 1224
1186 1224 1225
1187 1225 1226
1188 1226 1227
1189 1227 1228
1190 1228 1229
1191 1229 1230
1192 1230 939
1193 1147 1231
1194 1231 1232
1195 1232 1233
1196 1233 1148
1197 1148 1234
1198 1234 1235
1199 1235 1236
1200 1236 1237
1201 1237 1238
1202 1238 1239
1203 1239 1240
1204 1240 1149
1205 1161 1241
1206 1241 1242
1207 1242 1243
1208 1243 1244
1209 1244 1245
1210 1245 1246
1211 1246 1247
1212 1247 1122
1213 1196 1186
1214 813 1248
1215 1248 1249
1216 1249 1250
1217 1250 1251
1218 1251 1252
1219 1252 1253
1220 1253 1254
1221 1254 1255
1222 1255 1256
1223 1256 1257
1224 1257 1258
1225 1258 1259
1226 1259 1260
1227 1260 1261
1228 1261 814
1229 832 782
1230 1185 1262
1231 1262 1263
1232 1263 1264
1233 1267 1268
1234 1268 1269
1235 1269 1270
1236 1270 1271
1237 1271 1272
1238 1272 1273
1239 1273 1274
1240 1274 1275
1241 1276 1277
1242 1277 1278
1243 1267 1266
1244 1266 1265
1245 1265 1264
1246 1162 1283
1247 1283 1282
1248 1282 1281
1249 1281 1280
1250 1280 1279
1251 1279 1278
1252 148 149
1253 1121 1288
1254 1288 1287
1255 1287 1286
1256 1286 1285
1257 1284 1063
1258 1284 1285
1259 1098 1099
1260 672 673
1261 908 1305
1262 1305 1304
1263 1304 1303
1264 1303 1302
1265 1302 1301
1266 1301 1300
1267 1300 1299
1268 1299 1298
1269 1297 1296
1270 1296 1295
1271 1295 1294
1272 1294 1293
1273 1293 1292
1274 1292 1291
1275 1291 1290
1276 1290 1289
1277 1289 909
1278 1297 1306
1279 1306 1307
1280 1307 1298
1281 1276 1308
1282 1308 1309
1283 1309 1275
1284 1 1310
1285 1310 1311
1286 1311 1312
1287 1035 1036
1288 923 938
1289 958 1313
1290 1313 1056
1291 872 873
1292 873 876
1293 876 874
1294 875 877
1295 833 922
1296 1107 1106
1297 1185 1184
1298 1184 1183
1299 1183 1182
1300 1182 1181
1301 1181 1180
1302 1169 1168
1303 1129 1130
1304 1130 1131
1305 1131 1132
1306 1132 1133
1307 289 1062
1308 1062 1061
1309 1057 288
1310 369 370
1311 45 1348
1312 1348 1347
1313 1347 1346
1314 1346 1345
1315 1345 44
1316 37 1344
1317 1344 36
1318 1775 1776
1319 1776 1777
1320 1777 1778
1321 1778 1779
1322 1779 1780
1323 1780 1781
1324 1781 1782
1325 1782 1762
1326 1762 1765
1327 1766 1767
1328 1767 1768
1329 1768 1769
1330 1771 1772
1331 1765 1766
1332 1769 1770
1333 1770 1771
1334 1772 1773
1335 1773 1774
1336 1774 1775
1337 2096 2097
1338 2097 2098
1339 2098 2099
1340 2099 2100
1341 2100 2101
1342 2101 2102
1343 2102 2103
1344 2103 2104
1345 2104 2105
1346 2105 2106
1347 2106 2107
1348 2107 2108
1349 2108 2109
1350 2109 2110
1351 2110 2111
1352 2111 2112
1353 2112 2113
1354 2113 2114
1355 1312 2096
1356 2114 2116
1357 2117 2118
1358 2118 2119
1359 2119 2120
1360 2120 2121
1361 2121 2122
1362 2122 2123
1363 2123 2124
1364 2124 2125
1365 2125 2126
1366 2126 2127
1367 2127 2128
1368 2128 2129
1369 2129 2130
1370 2116 2117
1371 2130 2115
1372 1036 2115

